|   0 |  26 |  22 |  31 |  19 |  20 |  15 |  23 |  31 |   5 |  21 |  17 |  12 |  21 |  24 |  28 |   5 |  26 |  16 |  24 |  22 |  19 |  25 |  18 |  18 |  26 |  21 |  24 |  26 |  11 |  24 |  21 |  26 |  11 |  19 |  26 |  10 |  17 |  16 |  10 |  18 |  19 |  23 |  25 |  15 |  24 |  28 |  41 |  15 |  42 
|  36 |   0 |  28 |  39 |  32 |  36 |  28 |  36 |  37 |  19 |  39 |  31 |  39 |  18 |  32 |  53 |  36 |  40 |  32 |  30 |  36 |  16 |  34 |  36 |  32 |  35 |  27 |  49 |  40 |  25 |  33 |  29 |  39 |  17 |  16 |  35 |  24 |  26 |  30 |  24 |  24 |  32 |  32 |  38 |  31 |  42 |  37 |  29 |  24 |  50 
|  13 |  23 |   0 |  15 |   9 |  14 |   5 |  13 |  28 |  11 |  15 |  14 |  11 |  18 |   8 |  27 |  18 |  27 |  15 |   2 |  19 |  17 |  17 |  12 |  19 |  20 |   4 |  23 |  17 |  12 |   9 |   5 |  22 |   8 |  18 |  20 |  16 |  11 |  15 |  11 |  12 |   9 |  17 |  15 |  14 |  18 |   9 |  38 |   9 |  26 
|   7 |  17 |   9 |   0 |  12 |   9 |  12 |   4 |  37 |   6 |  10 |   9 |  18 |  11 |   3 |  25 |  12 |  23 |  14 |   9 |  14 |  14 |   2 |   7 |  15 |  13 |  13 |  30 |  20 |   8 |  13 |  14 |  17 |  17 |  16 |  13 |   7 |   4 |  10 |   7 |   5 |  12 |  10 |  18 |  21 |  13 |  16 |  33 |   2 |  21 
|   4 |  30 |  21 |  30 |   0 |  24 |  19 |  16 |  35 |   9 |  25 |  21 |  16 |  10 |  23 |  25 |   9 |  30 |  15 |  12 |  25 |   8 |  26 |  22 |  22 |  13 |  21 |  28 |  20 |  15 |  24 |  20 |  30 |  15 |  23 |  28 |  14 |  19 |  20 |  14 |  17 |  12 |  18 |  18 |  19 |  28 |  19 |  44 |  17 |  40 
|  10 |  20 |  12 |  13 |  15 |   0 |  17 |   7 |  28 |   9 |  13 |  12 |  19 |   9 |   6 |  28 |  15 |  30 |  17 |  12 |  17 |   7 |   5 |  10 |  22 |  16 |  16 |  30 |  20 |  15 |  19 |  17 |  20 |   8 |   7 |  16 |  14 |   7 |   1 |  14 |   8 |  15 |  13 |  21 |  22 |  16 |  11 |  36 |   5 |  24 
|   8 |  23 |  13 |  28 |   4 |  18 |   0 |   8 |  33 |  13 |  28 |  25 |  20 |  14 |  21 |  29 |  13 |  22 |  19 |  15 |  17 |  12 |  23 |  25 |  14 |  15 |  17 |  30 |  12 |   7 |  19 |  18 |  32 |  13 |  25 |  20 |  18 |  11 |  19 |   6 |   9 |   4 |  17 |  10 |  23 |  26 |  22 |  36 |   9 |  39 
|   3 |  16 |   5 |  20 |  10 |  19 |  10 |   0 |  33 |   8 |  20 |  19 |  15 |  10 |  13 |  31 |   8 |  28 |  13 |   7 |  23 |  18 |  22 |  17 |  20 |  12 |   9 |  27 |  18 |  13 |  14 |  10 |  27 |  13 |  22 |  12 |  13 |   3 |  19 |  12 |   1 |  10 |   9 |  16 |  18 |  23 |  14 |  42 |   1 |  31 
|  14 |  16 |  20 |  17 |  21 |  16 |  17 |  21 |   0 |  13 |  17 |  16 |  25 |  10 |  10 |  31 |  19 |  18 |   2 |  16 |  21 |  21 |  19 |  14 |  10 |  11 |  16 |  27 |  18 |  19 |  11 |   7 |  24 |  12 |  23 |   0 |  18 |   3 |  17 |  18 |  19 |  21 |  24 |  27 |  28 |  20 |  23 |  40 |  19 |  28 
|  18 |  21 |  23 |  29 |  14 |  17 |  10 |  18 |  38 |   0 |  29 |  12 |  29 |  19 |  22 |  39 |  22 |  21 |  29 |  23 |  17 |  17 |  21 |  26 |  13 |  25 |  18 |  40 |  21 |   6 |  19 |  28 |  36 |  18 |  17 |  30 |   5 |  21 |  11 |   5 |  19 |  14 |  27 |  20 |  32 |  25 |  23 |  36 |  19 |  40 
|  24 |  33 |  23 |  38 |  20 |  33 |  19 |  24 |  38 |  18 |   0 |  30 |  25 |  19 |  31 |  15 |  18 |  38 |  29 |  25 |  33 |  17 |  35 |  31 |  30 |  13 |  27 |  37 |  28 |  23 |  32 |  28 |  39 |  18 |  17 |  36 |  23 |  27 |  29 |  22 |  25 |  20 |  10 |  26 |  28 |  35 |  32 |  27 |  25 |  49 
|  18 |   9 |  20 |  31 |  24 |  25 |  20 |  15 |  36 |  10 |  26 |   0 |  17 |  18 |  24 |  33 |  10 |  31 |  21 |  22 |   5 |  18 |  23 |  23 |  23 |  27 |  21 |  29 |  31 |  16 |   7 |  25 |  31 |  16 |  18 |  27 |  15 |  18 |  21 |  15 |  16 |  24 |  24 |  30 |  20 |  29 |  29 |  24 |  16 |  42 
|  17 |  18 |  16 |  19 |  13 |  18 |  13 |  17 |  28 |   8 |  19 |  18 |   0 |   9 |  12 |  16 |   8 |  29 |   4 |  18 |  23 |   7 |  21 |  16 |  21 |  14 |  12 |  12 |  21 |  14 |  13 |   9 |  14 |   8 |   7 |  14 |  13 |   5 |  19 |  13 |  15 |  13 |  11 |  19 |   3 |  22 |  23 |  42 |   3 |  30 
|  21 |  36 |  26 |  41 |  17 |  31 |  13 |  21 |  46 |  26 |  41 |  38 |  33 |   0 |  34 |  42 |  26 |  35 |  32 |  28 |  30 |  25 |  36 |  38 |  27 |  28 |  30 |  43 |  25 |  20 |  32 |  31 |  45 |  26 |  38 |  33 |  31 |  24 |  32 |  19 |  22 |  17 |  30 |  23 |  36 |  39 |  35 |  49 |  22 |  52 
|  11 |  15 |  16 |   7 |  12 |   6 |  13 |  11 |  34 |   3 |   7 |   6 |  15 |  13 |   0 |  22 |  16 |  24 |  19 |   6 |  11 |  11 |   9 |   4 |  16 |  17 |  20 |  27 |  22 |   9 |  13 |  21 |  14 |  14 |  13 |  20 |   8 |  11 |   7 |   8 |  12 |  17 |  14 |  23 |  18 |  10 |  13 |  30 |   9 |  18 
|  12 |  24 |  17 |  29 |   8 |  18 |   4 |  12 |  29 |   3 |  19 |  15 |  10 |  18 |  22 |   0 |   3 |  24 |  14 |  19 |  20 |  16 |  23 |  16 |  16 |  19 |  19 |  22 |  16 |   9 |  22 |  19 |  24 |   9 |  17 |  24 |   8 |  15 |  14 |   8 |  13 |   8 |  21 |  14 |  13 |  20 |  26 |  39 |  13 |  40 
|  18 |  21 |  17 |  26 |  14 |  15 |  10 |  18 |  26 |   0 |  16 |  12 |   7 |  16 |  19 |  23 |   0 |  21 |  11 |  19 |  17 |  14 |  20 |  13 |  13 |  21 |  16 |  19 |  21 |   6 |  19 |  16 |  21 |   6 |  14 |  21 |   5 |  12 |  11 |   5 |  13 |  14 |  18 |  20 |  10 |  19 |  23 |  36 |  10 |  37 
|   8 |  11 |  11 |  26 |   4 |  25 |  16 |   6 |  31 |  13 |  22 |  25 |  20 |  12 |  19 |  29 |  13 |   0 |  19 |  13 |  29 |  10 |  28 |  23 |  26 |  17 |  15 |  32 |   0 |  19 |  20 |  16 |  27 |  11 |  10 |  18 |  18 |   9 |   4 |  18 |   7 |  16 |  15 |  22 |  23 |  29 |  10 |  40 |   7 |  37 
|  19 |  23 |  24 |  15 |  19 |  14 |  15 |  19 |  42 |  11 |  15 |  14 |  23 |  21 |   8 |  30 |  24 |  32 |   0 |  14 |  19 |  19 |  17 |  12 |  24 |  25 |  14 |  35 |  18 |  17 |   9 |   5 |  22 |  22 |  21 |  27 |  16 |  18 |  15 |  16 |  20 |  19 |  22 |  25 |  26 |  18 |  21 |  38 |  17 |  26 
|  21 |  22 |  14 |  28 |  17 |  27 |  15 |  21 |  37 |  17 |  26 |  27 |   9 |  16 |  21 |  25 |  17 |  35 |  13 |   0 |  30 |  16 |  30 |  25 |  27 |  18 |  18 |  21 |  16 |  20 |  22 |  18 |  23 |  17 |  16 |  18 |  21 |   9 |  28 |  19 |  10 |  17 |  15 |  23 |  12 |  31 |   7 |  49 |   7 |  28 
|  23 |  33 |  25 |  26 |  21 |  25 |  17 |  20 |  35 |  22 |  26 |  25 |  34 |  13 |  19 |  41 |  28 |  32 |  30 |  25 |   0 |  28 |  18 |  23 |  24 |  29 |  16 |  46 |  29 |  17 |   2 |  30 |  33 |  28 |  28 |  29 |  27 |  20 |  22 |  16 |  21 |  21 |  26 |  27 |  37 |  29 |  28 |  19 |  18 |  37 
|  21 |  24 |  25 |  26 |  17 |  20 |  13 |  20 |  39 |   3 |  26 |  15 |  32 |   2 |  19 |  41 |  25 |  24 |  30 |  25 |  20 |   0 |  18 |  23 |  16 |  28 |  13 |  43 |  24 |   9 |  22 |  30 |  33 |  21 |  20 |  29 |   8 |  20 |  14 |   8 |  21 |  17 |  26 |  23 |  35 |  28 |  26 |  39 |  18 |  37 
|   5 |  15 |   7 |   8 |  10 |   7 |  12 |   2 |  35 |   4 |   8 |   7 |  16 |   9 |   1 |  23 |  10 |  25 |  12 |   7 |  12 |  12 |   0 |   5 |  17 |  11 |  11 |  28 |  18 |  10 |  14 |  12 |  15 |  15 |  14 |  11 |   9 |   2 |   8 |   9 |   3 |  10 |   8 |  16 |  19 |  11 |  14 |  31 |   0 |  19 
|  12 |  11 |  14 |  15 |   8 |   2 |  19 |   9 |  30 |  10 |   3 |   2 |  19 |   9 |   8 |  18 |  12 |  31 |  19 |  14 |   7 |   7 |   7 |   0 |  23 |  13 |  18 |  31 |  22 |  16 |   9 |  19 |  22 |  10 |   9 |  18 |  15 |   9 |   3 |  15 |  10 |  17 |  10 |  23 |  22 |   6 |  13 |  26 |   7 |  26 
|  16 |  19 |  19 |  34 |  12 |  30 |  18 |  14 |  39 |  13 |  30 |  25 |  19 |  20 |  27 |  35 |  21 |   8 |  23 |  10 |  30 |  18 |  34 |  31 |   0 |  25 |  17 |  31 |   8 |  19 |  28 |  24 |  33 |  19 |  18 |  26 |  18 |  17 |  12 |  18 |  15 |  22 |  23 |  28 |  22 |  37 |  17 |  30 |  15 |  38 
|  28 |  20 |  29 |  38 |  24 |  27 |  22 |  28 |  38 |  12 |  28 |  24 |  19 |  23 |  31 |  30 |  12 |  31 |  23 |  31 |  29 |  26 |  32 |  25 |  25 |   0 |  28 |  31 |  31 |  18 |  31 |  28 |  33 |  18 |  26 |  25 |  17 |  16 |  23 |  17 |  25 |  24 |  22 |  30 |  22 |  31 |  35 |  48 |  14 |  49 
|   9 |  24 |  14 |  29 |   5 |  19 |   1 |   9 |  34 |  14 |  29 |  26 |  21 |  15 |  22 |  30 |  14 |  23 |  20 |  16 |  18 |  13 |  24 |  26 |  15 |  16 |   0 |  31 |  13 |   8 |  20 |  19 |  33 |  14 |  26 |  21 |  19 |  12 |  20 |   7 |  10 |   5 |  18 |  11 |  24 |  27 |  23 |  37 |  10 |  40 
|   6 |  24 |  21 |  16 |  12 |  15 |   8 |  16 |  33 |   7 |   9 |  15 |  14 |   0 |   9 |   4 |   7 |  28 |  18 |  15 |  20 |  20 |  18 |  13 |  20 |  22 |  23 |   0 |  20 |  13 |  22 |  23 |   2 |  13 |  21 |  26 |  12 |  19 |  16 |  12 |  17 |  12 |  19 |  18 |  17 |  19 |  22 |  36 |  17 |  27 
|  24 |  11 |  29 |  27 |  20 |  26 |  27 |  24 |  46 |  23 |  27 |  26 |  35 |  19 |  20 |  42 |  29 |  38 |  22 |  26 |  31 |  25 |  29 |  24 |  30 |  21 |  26 |  47 |   0 |  23 |  21 |  17 |  27 |  26 |  25 |  21 |  28 |  12 |  19 |  22 |  25 |  20 |  18 |  26 |  38 |  30 |  10 |  40 |  10 |  38 
|  23 |  26 |  26 |  35 |  19 |  29 |  25 |  21 |  46 |  17 |  34 |  29 |  26 |  27 |  28 |  42 |  28 |  15 |  30 |  17 |  34 |  25 |  27 |  32 |   7 |  26 |  24 |  38 |  15 |   0 |  30 |  26 |  40 |  26 |  25 |  33 |  22 |  24 |  19 |  22 |  22 |  29 |  23 |  35 |  29 |  19 |  24 |  37 |  22 |  45 
|  21 |  31 |  23 |  24 |  19 |  23 |  15 |  18 |  33 |  20 |  24 |  23 |  32 |  25 |  17 |  39 |  26 |  37 |  28 |  23 |  28 |  26 |  16 |  21 |  29 |  27 |  14 |  44 |  27 |  22 |   0 |  28 |  31 |  27 |  26 |  27 |  25 |  18 |  20 |  21 |  19 |  19 |  24 |  25 |  35 |  27 |  30 |  47 |  16 |  35 
|  14 |  18 |  19 |  10 |  14 |   9 |  10 |  14 |  37 |   6 |  10 |   9 |  18 |  16 |   3 |  25 |  19 |  27 |  22 |   9 |  14 |  14 |  12 |   7 |  19 |  20 |   9 |  30 |  22 |  12 |   4 |   0 |  17 |  17 |  16 |  22 |  11 |  13 |  10 |  11 |  15 |  14 |  17 |  20 |  21 |  13 |  16 |  33 |  12 |  21 
|  18 |  22 |  23 |  14 |  19 |  13 |  20 |  18 |  41 |  10 |   7 |  13 |  13 |  20 |   7 |  22 |  21 |  31 |  17 |  13 |  18 |  18 |  16 |  11 |  23 |  20 |  25 |  25 |  29 |  16 |  20 |  22 |   0 |  21 |  20 |  27 |  15 |  18 |  14 |  15 |  19 |  24 |  17 |  30 |  16 |  17 |  20 |  34 |  16 |  25 
|  19 |  22 |  11 |  26 |  15 |  25 |  11 |  19 |  20 |  22 |  26 |  25 |  22 |  16 |  19 |  38 |  24 |  26 |  19 |  13 |  28 |  23 |  28 |  23 |  18 |  18 |  10 |  34 |  23 |  18 |  20 |  16 |  33 |   0 |  29 |  18 |  27 |   9 |  26 |  17 |   7 |  15 |  15 |  21 |  25 |  29 |  20 |  47 |   7 |  37 
|  20 |  23 |  12 |  26 |  16 |  20 |  12 |  20 |  21 |   3 |  26 |  15 |  23 |   2 |  19 |  39 |  25 |  24 |  20 |  14 |  20 |   0 |  18 |  23 |  16 |  19 |  11 |  35 |  24 |   9 |  21 |  17 |  23 |   1 |   0 |  19 |   8 |  10 |  14 |   8 |   8 |  16 |  16 |  22 |  26 |  28 |  21 |  39 |   8 |  37 
|  14 |  25 |  23 |  17 |  21 |  16 |  17 |  21 |  32 |  13 |  17 |  16 |  25 |  20 |  10 |  31 |  19 |  18 |   2 |  16 |  21 |  21 |  19 |  14 |  10 |  11 |  16 |  27 |  18 |  19 |  11 |   7 |  24 |  12 |  23 |   0 |  18 |  13 |  17 |  18 |  19 |  21 |  24 |  27 |  28 |  20 |  23 |  40 |  19 |  28 
|  13 |  27 |  18 |  24 |   9 |  12 |   5 |  13 |  38 |  18 |  24 |  23 |  25 |  19 |  17 |  34 |  18 |  16 |  24 |  18 |  20 |  17 |  16 |  21 |   8 |  20 |  22 |  35 |  16 |   1 |  22 |  23 |  31 |  18 |  19 |  25 |   0 |  16 |  13 |   0 |  14 |   9 |  22 |  15 |  28 |  20 |  18 |  38 |  14 |  35 
|  23 |  13 |  17 |  26 |  24 |  25 |  20 |  28 |  41 |  22 |  25 |  25 |  28 |   7 |  19 |  40 |  28 |  27 |  11 |  19 |  30 |  29 |  28 |  23 |  19 |  20 |  21 |  36 |  27 |  27 |  20 |  16 |  33 |  21 |  29 |   9 |  27 |   0 |  25 |  26 |  28 |  24 |  33 |  30 |  31 |  29 |  26 |  42 |  26 |  37 
|  26 |  29 |  18 |  32 |  22 |  26 |  18 |  26 |  27 |   9 |  32 |  21 |  29 |   8 |  25 |  33 |  31 |  30 |  25 |  20 |  26 |   6 |  24 |  29 |  22 |  25 |  17 |  29 |  30 |  15 |  27 |  23 |  29 |   7 |   6 |  23 |  14 |  16 |   0 |  14 |  14 |  22 |  22 |  28 |  32 |  34 |  27 |  45 |  14 |  43 
|  22 |  27 |  24 |  25 |  20 |  12 |  20 |  19 |  40 |  18 |  25 |  24 |  27 |  21 |  18 |  40 |  27 |  16 |  29 |  18 |  20 |  19 |  17 |  22 |   8 |  27 |  25 |  39 |  16 |   1 |  22 |  27 |  32 |  20 |  19 |  28 |  15 |  19 |  13 |   0 |  20 |  24 |  24 |  30 |  30 |  20 |  18 |  38 |  17 |  36 
|  14 |  15 |   4 |  19 |  10 |  18 |   9 |  14 |  32 |  15 |  19 |  18 |  15 |   9 |  12 |  31 |  19 |  28 |  12 |   6 |  23 |  18 |  21 |  16 |  20 |  11 |   8 |  27 |  18 |  13 |  13 |   9 |  26 |  12 |  22 |  11 |  20 |   2 |  19 |  12 |   0 |  10 |   8 |  16 |  18 |  22 |  13 |  42 |   0 |  30 
|   4 |  19 |   9 |  24 |   0 |  14 |  14 |   4 |  34 |   9 |  24 |  21 |  16 |  10 |  17 |  25 |   9 |  18 |  15 |  11 |  13 |   8 |  19 |  21 |  10 |  13 |  13 |  28 |   8 |   3 |  15 |  14 |  30 |  15 |  21 |  16 |  14 |   7 |  15 |   2 |   5 |   0 |  13 |   6 |  19 |  22 |  18 |  32 |   5 |  35 
|  15 |  23 |  20 |  35 |  11 |  25 |  25 |  15 |  41 |  15 |  11 |  27 |  22 |  21 |  28 |  26 |  15 |  29 |  26 |  22 |  24 |  19 |  30 |  28 |  21 |   3 |  24 |  34 |  19 |  14 |  26 |  25 |  36 |  21 |  28 |  27 |  20 |  18 |  25 |  13 |  16 |  11 |   0 |  17 |  25 |  33 |  29 |  38 |  16 |  46 
|   6 |  27 |  23 |  29 |   2 |  23 |  16 |  18 |  28 |   6 |  27 |  18 |  18 |   5 |  22 |  27 |  11 |  27 |  17 |  14 |   7 |   3 |  21 |  24 |  19 |  15 |  16 |  30 |  22 |  12 |   9 |  22 |  32 |  17 |  23 |  28 |  11 |  21 |  17 |  11 |  19 |  14 |  20 |   0 |  21 |  30 |  21 |  26 |  19 |  40 
|  18 |  24 |  13 |  16 |  14 |  15 |  10 |  18 |  31 |   5 |  16 |  15 |  12 |  15 |   9 |  28 |   5 |  26 |   1 |  15 |  20 |  19 |  18 |  13 |  18 |  25 |   9 |  24 |  19 |  11 |  10 |   6 |  23 |  11 |  19 |  26 |  10 |  17 |  16 |  10 |  18 |  14 |  23 |  20 |   0 |  19 |  22 |  39 |  15 |  27 
|  19 |  27 |  22 |  23 |  15 |  10 |  27 |  17 |  38 |  19 |  15 |  22 |  26 |  19 |  16 |  27 |  19 |  33 |  27 |  22 |  27 |  17 |  15 |  20 |  25 |   7 |  26 |  38 |  23 |  18 |  29 |  27 |  30 |  18 |  17 |  26 |  24 |  17 |  11 |  17 |  18 |  15 |   4 |  21 |  29 |   0 |  21 |  42 |  15 |  34 
|  14 |  15 |  19 |  27 |  10 |  24 |  22 |  14 |  43 |  19 |  19 |  26 |  26 |   9 |  20 |  34 |  19 |  28 |  12 |  21 |  23 |  18 |  29 |  24 |  20 |  11 |  23 |  38 |   9 |  13 |  21 |  17 |  17 |  23 |  31 |  11 |  24 |   2 |  25 |  12 |  15 |  10 |   8 |  16 |  29 |  25 |   0 |  42 |   0 |  38 
|  13 |  24 |  20 |  20 |   9 |  19 |  20 |  17 |  29 |  11 |  20 |  19 |  25 |  13 |  13 |  34 |  18 |  23 |  14 |  19 |  24 |  11 |  22 |  17 |  23 |  20 |  19 |  34 |  18 |  16 |  23 |  19 |  26 |   9 |  11 |  20 |  16 |  11 |   5 |  15 |  16 |  13 |  17 |  19 |  28 |  23 |   9 |   0 |   9 |  31 
|  14 |  15 |  19 |  27 |  10 |  24 |  22 |  14 |  43 |  19 |  19 |  26 |  26 |   9 |  20 |  34 |  19 |  28 |  12 |  21 |  23 |  18 |  29 |  24 |  20 |  11 |  23 |  38 |  18 |  13 |  21 |  17 |  33 |  23 |  31 |  11 |  24 |   2 |  25 |  12 |  15 |  10 |   8 |  16 |  29 |  25 |  28 |  42 |   0 |  38 
|   7 |  21 |  22 |  13 |  18 |  12 |  18 |  17 |  38 |   9 |  13 |  12 |  19 |  19 |   6 |  28 |  12 |  30 |   3 |  12 |  17 |  17 |  15 |  10 |  22 |  17 |  17 |  31 |  21 |  15 |  12 |   8 |  20 |  18 |  19 |  26 |  14 |  17 |  13 |  14 |  18 |  22 |  14 |  28 |  22 |  16 |  19 |  36 |  15 |   0 
