25
0 30 INF INF 96 27 17 100 99 62 23 5 28 67 72 98 53 68 64 61 94 INF INF 25 28
30 0 69 75 69 52 INF INF 2 66 100 INF 51 94 INF 6 42 58 75 60 68 95 96 50 100
INF 69 0 8 73 63 16 INF 91 94 88 39 74 26 28 INF 8 69 8 INF 26 11 9 42 55
INF 75 8 0 67 4 24 62 6 85 INF 42 52 74 8 64 2 94 INF 7 2 13 18 51 50
96 69 73 67 0 47 58 70 73 28 6 56 67 76 INF 50 INF 39 88 INF 76 66 68 74 INF
27 52 63 4 47 0 62 24 11 INF 86 52 83 INF 80 79 83 INF 99 61 40 19 82 43 INF
17 INF 16 24 58 62 0 INF 97 66 44 14 INF INF 59 20 17 0 0 82 80 INF 80 INF INF
100 INF INF 62 70 24 INF 0 11 35 70 80 4 INF 36 3 INF 47 INF 77 INF 3 33 97 INF
99 2 91 6 73 11 97 11 0 98 85 70 INF INF 43 38 INF 32 63 85 INF 95 83 90 97
62 66 94 85 28 INF 66 35 98 0 INF INF INF 61 INF 67 67 94 62 94 62 11 INF 82 79
23 100 88 INF 6 86 44 70 85 INF 0 INF 72 88 34 INF 13 13 INF INF INF 53 93 52 33
5 INF 39 42 56 52 14 80 70 INF INF 0 22 53 32 95 3 91 14 69 56 44 86 INF 67
28 51 74 52 67 83 INF 4 INF INF 72 22 0 29 INF 48 INF 12 INF 72 76 67 47 46 62
67 94 26 74 76 INF INF INF INF 61 88 53 29 0 81 35 35 11 100 6 17 23 84 0 INF
72 INF 28 8 INF 80 59 36 43 INF 34 32 INF 81 0 11 74 92 68 74 51 49 53 24 18
98 6 INF 64 50 79 20 3 38 67 INF 95 48 35 11 0 72 INF 17 55 80 30 INF 38 20
53 42 8 2 INF 83 17 INF INF 67 13 3 INF 35 74 72 0 21 8 95 83 88 17 77 36
68 58 69 94 39 INF 0 47 32 94 13 91 12 11 92 INF 21 0 2 34 33 INF 77 13 79
64 75 8 INF 88 99 0 INF 63 62 INF 14 INF 100 68 17 8 2 0 47 22 INF 43 36 70
61 60 INF 7 INF 61 82 77 85 94 INF 69 72 6 74 55 95 34 47 0 INF 72 14 29 95
94 68 26 2 76 40 80 INF INF 62 INF 56 76 17 51 80 83 33 22 INF 0 85 8 58 27
INF 95 11 13 66 19 INF 3 95 11 53 44 67 23 49 30 88 INF INF 72 85 0 40 32 INF
INF 96 9 18 68 82 80 33 83 INF 93 86 47 84 53 INF 17 77 43 14 8 40 0 9 5
25 50 42 51 74 43 INF 97 90 82 52 INF 46 0 24 38 77 13 36 29 58 32 9 0 46
28 100 55 50 INF INF INF INF 97 79 33 67 62 INF 18 20 36 79 70 95 27 INF 5 46 0
