25
0 INF 90 15 INF 70 24 82 4 INF INF 80 3 INF 62 41 40 47 7 17 61 59 19 24 21
INF 0 68 49 26 92 88 6 29 INF 93 63 55 97 42 INF 3 65 81 INF 60 INF 39 53 31
90 68 0 99 32 51 99 11 INF 0 12 99 92 26 71 50 57 3 INF 36 44 7 20 36 5
15 49 99 0 INF INF 55 INF 1 20 29 22 22 86 INF 37 69 24 8 60 53 51 11 36 7
INF 26 32 INF 0 INF 29 100 INF 27 24 35 INF 51 6 32 INF 30 INF 10 56 INF INF 14 28
70 92 51 INF INF 0 INF 76 INF 67 52 64 5 28 37 51 INF 55 44 96 INF 38 50 74 40
24 88 99 55 29 INF 0 39 INF 22 67 68 89 30 82 INF INF 5 39 2 43 41 INF 87 33
82 6 11 INF 100 76 39 0 45 43 INF 9 60 48 58 INF 93 52 0 52 48 INF 2 INF 72
4 29 INF 1 INF INF INF 45 0 INF INF 34 17 36 42 77 INF 19 33 65 100 INF 8 98 INF
INF INF 0 20 27 67 22 43 INF 0 10 80 15 36 INF 8 INF 21 28 15 0 80 6 67 72
INF 93 12 29 24 52 67 INF INF 10 0 7 98 53 22 94 17 65 INF 71 5 42 27 30 27
80 63 99 22 35 64 68 9 34 80 7 0 75 94 16 INF 94 6 84 INF INF 74 19 82 13
3 55 92 22 INF 5 89 60 17 15 98 75 0 81 INF 13 70 45 90 INF 6 2 12 3 63
INF 97 26 86 51 28 30 48 36 36 53 94 81 0 49 56 15 43 27 16 89 31 59 27 86
62 42 71 INF 6 37 82 58 42 INF 22 16 INF 49 0 INF INF 81 91 43 39 15 INF 48 80
41 INF 50 37 32 51 INF INF 77 8 94 INF 13 56 INF 0 11 95 20 20 73 45 64 68 15
40 3 57 69 INF INF INF 93 INF INF 17 94 70 15 INF 11 0 78 39 56 INF INF INF 99 INF
47 65 3 24 30 55 5 52 19 21 65 6 45 43 81 95 78 0 91 93 INF 30 75 29 INF
7 81 INF 8 INF 44 39 0 33 28 INF 84 90 27 91 20 39 91 0 58 46 56 26 13 87
17 INF 36 60 10 96 2 52 65 15 71 INF INF 16 43 20 56 93 58 0 INF 74 23 84 84
61 60 44 53 56 INF 43 48 100 0 5 INF 6 89 39 73 INF INF 46 INF 0 INF 2 INF 14
59 INF 7 51 INF 38 41 INF INF 80 42 74 2 31 15 45 INF 30 56 74 INF 0 46 37 53
19 39 20 11 INF 50 INF 2 8 6 27 19 12 59 INF 64 INF 75 26 23 2 46 0 INF 40
24 53 36 36 14 74 87 INF 98 67 30 82 3 27 48 68 99 29 13 84 INF 37 INF 0 41
21 31 5 7 28 40 33 72 INF 72 27 13 63 86 80 15 INF INF 87 84 14 53 40 41 0
