25
0 67 42 79 INF 58 86 10 95 14 21 39 79 82 INF INF 74 INF 60 38 99 69 55 INF INF
67 0 48 95 7 62 95 97 41 INF 95 73 99 88 INF 9 INF 55 72 21 INF 85 INF 76 29
42 48 0 24 54 15 INF 59 24 14 40 100 8 94 34 INF 1 INF 96 82 87 INF 50 85 INF
79 95 24 0 INF 59 13 32 95 INF 71 87 35 INF INF 98 INF 64 INF 53 92 6 55 25 30
INF 7 54 INF 0 40 60 26 94 87 22 21 2 7 67 70 INF 88 43 92 51 63 48 69 77
58 62 15 59 40 0 52 10 94 95 INF INF 39 36 58 45 41 97 63 INF 75 INF 95 63 89
86 95 INF 13 60 52 0 36 11 INF INF 52 47 34 54 55 30 63 51 95 44 INF INF 31 52
10 97 59 32 26 10 36 0 7 57 68 30 32 92 61 8 74 76 33 24 INF 81 63 52 88
95 41 24 95 94 94 11 7 0 1 INF 88 65 66 6 45 6 97 48 73 32 62 37 1 78
14 INF 14 INF 87 95 INF 57 1 0 16 21 70 INF 78 29 66 8 46 59 90 72 80 55 32
21 95 40 71 22 INF INF 68 INF 16 0 61 INF 3 61 INF 11 92 INF INF 91 95 INF INF INF
39 73 100 87 21 INF 52 30 88 21 61 0 27 53 69 59 7 59 INF 100 58 5 63 84 INF
79 99 8 35 2 39 47 32 65 70 INF 27 0 78 INF 88 INF INF 64 65 57 18 60 92 INF
82 88 94 INF 7 36 34 92 66 INF 3 53 78 0 4 43 INF 73 INF 52 INF 19 71 INF 61
INF INF 34 INF 67 58 54 61 6 78 61 69 INF 4 0 95 55 12 62 8 87 INF INF 96 94
INF 9 INF 98 70 45 55 8 45 29 INF 59 88 43 95 0 27 96 INF INF 12 23 54 82 INF
74 INF 1 INF INF 41 30 74 6 66 11 7 INF INF 55 27 0 76 98 39 76 62 36 86 INF
INF 55 INF 64 88 97 63 76 97 8 92 59 INF 73 12 96 76 0 30 78 79 INF 25 99 20
60 72 96 INF 43 63 51 33 48 46 INF INF 64 INF 62 INF 98 30 0 INF 26 32 78 INF 76
38 21 82 53 92 INF 95 24 73 59 INF 100 65 52 8 INF 39 78 INF 0 INF INF INF 26 93
99 INF 87 92 51 75 44 INF 32 90 91 58 57 INF 87 12 76 79 26 INF 0 43 44 21 45
69 85 INF 6 63 INF INF 81 62 72 95 5 18 19 INF 23 62 INF 32 INF 43 0 46 16 22
55 INF 50 55 48 95 INF 63 37 80 INF 63 60 71 INF 54 36 25 78 INF 44 46 0 80 28
INF 76 85 25 69 63 31 52 1 55 INF 84 92 INF 96 82 86 99 INF 26 21 16 80 0 94
INF 29 INF 30 77 89 52 88 78 32 INF INF INF 61 94 INF INF 20 76 93 45 22 28 94 0
