25
0 INF INF INF INF 22 6 69 100 26 INF 85 18 50 35 17 27 40 73 INF 90 75 INF 71 81
INF 0 92 77 21 INF INF INF 70 43 9 27 16 24 INF 58 55 52 92 5 29 75 INF 63 4
INF 92 0 12 16 30 38 23 84 86 84 11 48 74 18 100 INF 10 INF 75 93 11 77 36 97
INF 77 12 0 98 INF 44 19 INF 29 20 INF 45 60 10 19 28 41 48 89 INF 57 96 18 58
INF 21 16 98 0 53 47 72 85 9 92 INF 24 21 INF INF 74 60 59 90 18 9 82 INF 9
22 INF 30 INF 53 0 98 36 20 40 25 6 93 63 INF 10 40 13 46 25 6 73 59 INF 34
6 INF 38 44 47 98 0 30 32 INF 78 INF 12 57 INF INF 16 8 INF 1 1 INF 78 INF 62
69 INF 23 19 72 36 30 0 34 73 55 36 90 INF INF 27 44 69 44 INF 41 94 20 2 42
100 70 84 INF 85 20 32 34 0 30 26 18 INF 27 92 77 13 42 27 81 85 INF 51 24 81
26 43 86 29 9 40 INF 73 30 0 22 INF 89 INF 21 INF 90 35 69 INF 70 INF 46 INF 49
INF 9 84 20 92 25 78 55 26 22 0 51 51 72 69 49 3 12 68 14 INF 24 INF 71 30
85 27 11 INF INF 6 INF 36 18 INF 51 0 31 INF 93 42 74 61 78 47 50 62 94 56 INF
18 16 48 45 24 93 12 90 INF 89 51 31 0 52 98 INF 38 73 27 65 77 64 34 0 21
50 24 74 60 21 63 57 INF 27 INF 72 INF 52 0 95 42 3 INF 22 38 25 19 79 34 36
35 INF 18 10 INF INF INF INF 92 21 69 93 98 95 0 99 63 41 59 48 INF 75 92 36 77
17 58 100 19 INF 10 INF 27 77 INF 49 42 INF 42 99 0 16 88 87 49 INF INF 5 37 8
27 55 INF 28 74 40 16 44 13 90 3 74 38 3 63 16 0 77 73 69 17 25 INF 4 12
40 52 10 41 60 13 8 69 42 35 12 61 73 INF 41 88 77 0 34 INF 12 15 98 11 51
73 92 INF 48 59 46 INF 44 27 69 68 78 27 22 59 87 73 34 0 47 96 99 33 INF 9
INF 5 75 89 90 25 1 INF 81 INF 14 47 65 38 48 49 69 INF 47 0 95 INF INF 41 INF
90 29 93 INF 18 6 1 41 85 70 INF 50 77 25 INF INF 17 12 96 95 0 INF 33 74 42
75 75 11 57 9 73 INF 94 INF INF 24 62 64 19 75 INF 25 15 99 INF INF 0 49 26 50
INF INF 77 96 82 59 78 20 51 46 INF 94 34 79 92 5 INF 98 33 INF 33 49 0 88 53
71 63 36 18 INF INF INF 2 24 INF 71 56 0 34 36 37 4 11 INF 41 74 26 88 0 37
81 4 97 58 9 34 62 42 81 49 30 INF 21 36 77 8 12 51 9 INF 42 50 53 37 0
