20
0 71 16 INF 23 48 18 97 18 53 80 8 85 65 INF 98 39 INF 55 70
71 0 7 INF 42 70 INF INF 40 28 74 28 7 INF 11 100 5 17 13 46
16 7 0 61 65 93 INF INF 92 83 14 24 57 56 62 31 93 97 58 11
INF INF 61 0 16 23 INF 70 86 34 54 83 84 47 12 90 66 10 85 61
23 42 65 16 0 25 31 62 95 59 62 21 1 7 INF 56 75 66 86 37
48 70 93 23 25 0 100 INF 17 47 64 INF INF 39 INF 97 INF 30 15 51
18 INF INF INF 31 100 0 86 91 49 51 16 1 1 88 INF 28 3 INF INF
97 INF INF 70 62 INF 86 0 6 40 64 82 21 87 87 6 78 51 75 33
18 40 92 86 95 17 91 6 0 19 87 41 30 25 14 22 89 79 82 36
53 28 83 34 59 47 49 40 19 0 22 21 85 INF 40 53 8 38 73 44
80 74 14 54 62 64 51 64 87 22 0 76 80 13 17 19 0 41 INF 24
8 28 24 83 21 INF 16 82 41 21 76 0 84 58 0 44 21 22 68 19
85 7 57 84 1 INF 1 21 30 85 80 84 0 INF INF INF INF 87 76 1
65 INF 56 47 7 39 1 87 25 INF 13 58 INF 0 69 32 INF 41 17 1
INF 11 62 12 INF INF 88 87 14 40 17 0 INF 69 0 INF 36 3 3 53
98 100 31 90 56 97 INF 6 22 53 19 44 INF 32 INF 0 90 35 INF 20
39 5 93 66 75 INF 28 78 89 8 0 21 INF INF 36 90 0 18 73 INF
INF 17 97 10 66 30 3 51 79 38 41 22 87 41 3 35 18 0 93 96
55 13 58 85 86 15 INF 75 82 73 INF 68 76 17 3 INF 73 93 0 INF
70 46 11 61 37 51 INF 33 36 44 24 19 1 1 53 20 INF 96 INF 0
