20
0 38 27 86 67 51 INF 81 46 71 60 30 23 51 34 29 2 INF INF 43
38 0 81 38 INF 27 1 28 51 22 92 85 69 82 21 81 37 INF 36 18
27 81 0 29 61 90 29 INF 46 96 88 84 44 11 2 9 21 INF 82 72
86 38 29 0 INF 31 96 90 INF 51 59 INF 93 76 66 89 76 42 78 INF
67 INF 61 INF 0 INF 90 25 29 84 64 26 29 63 98 29 71 INF 32 24
51 27 90 31 INF 0 23 33 28 25 96 82 4 57 36 INF 48 97 INF 41
INF 1 29 96 90 23 0 48 28 INF 53 21 INF 39 42 41 12 39 INF 51
81 28 INF 90 25 33 48 0 38 79 24 75 INF 27 48 77 INF 55 17 19
46 51 46 INF 29 28 28 38 0 16 14 82 28 18 49 25 98 INF 80 40
71 22 96 51 84 25 INF 79 16 0 68 39 52 63 75 INF 71 44 32 INF
60 92 88 59 64 96 53 24 14 68 0 51 7 INF 11 58 3 80 96 4
30 85 84 INF 26 82 21 75 82 39 51 0 93 73 INF 45 97 49 INF 8
23 69 44 93 29 4 INF INF 28 52 7 93 0 32 1 79 57 18 100 100
51 82 11 76 63 57 39 27 18 63 INF 73 32 0 52 75 87 50 68 INF
34 21 2 66 98 36 42 48 49 75 11 INF 1 52 0 40 54 17 26 21
29 81 9 89 29 INF 41 77 25 INF 58 45 79 75 40 0 INF 86 72 26
2 37 21 76 71 48 12 INF 98 71 3 97 57 87 54 INF 0 6 18 36
INF INF INF 42 INF 97 39 55 INF 44 80 49 18 50 17 86 6 0 86 72
INF 36 82 78 32 INF INF 17 80 32 96 INF 100 68 26 72 18 86 0 30
43 18 72 INF 24 41 51 19 40 INF 4 8 100 INF 21 26 36 72 30 0
