20
0 62 86 INF INF 48 58 10 72 43 60 10 3 48 31 72 18 0 INF 36
62 0 75 98 8 27 91 76 64 88 83 38 36 84 43 53 14 72 81 INF
86 75 0 52 INF 10 72 INF 21 37 22 63 33 80 97 54 6 56 44 34
INF 98 52 0 15 49 33 69 INF 6 INF 59 40 47 48 INF 96 12 79 35
INF 8 INF 15 0 INF 95 100 76 68 84 52 62 50 40 49 75 INF 18 95
48 27 10 49 INF 0 33 43 80 94 96 77 89 43 19 60 67 39 57 80
58 91 72 33 95 33 0 20 74 22 INF 11 26 INF 22 INF 67 77 INF 36
10 76 INF 69 100 43 20 0 24 26 46 46 89 32 62 52 INF 96 4 9
72 64 21 INF 76 80 74 24 0 97 31 7 25 INF 2 INF 60 68 57 32
43 88 37 6 68 94 22 26 97 0 94 52 86 22 84 64 90 INF 52 30
60 83 22 INF 84 96 INF 46 31 94 0 38 51 6 22 INF 40 73 94 50
10 38 63 59 52 77 11 46 7 52 38 0 11 7 42 97 51 3 60 49
3 36 33 40 62 89 26 89 25 86 51 11 0 54 53 88 48 30 INF 9
48 84 80 47 50 43 INF 32 INF 22 6 7 54 0 95 43 31 71 22 INF
31 43 97 48 40 19 22 62 2 84 22 42 53 95 0 25 53 4 56 26
72 53 54 INF 49 60 INF 52 INF 64 INF 97 88 43 25 0 25 98 45 63
18 14 6 96 75 67 67 INF 60 90 40 51 48 31 53 25 0 76 64 32
0 72 56 12 INF 39 77 96 68 INF 73 3 30 71 4 98 76 0 6 63
INF 81 44 79 18 57 INF 4 57 52 94 60 INF 22 56 45 64 6 0 12
36 INF 34 35 95 80 36 9 32 30 50 49 9 INF 26 63 32 63 12 0
