20
0 2 46 71 83 INF INF 0 24 14 30 22 41 73 50 100 INF 91 77 26
2 0 7 4 58 29 85 INF INF 29 88 55 1 INF 62 INF INF 79 INF 39
46 7 0 INF 81 55 76 21 18 83 98 58 97 INF 82 INF 18 26 INF INF
71 4 INF 0 86 12 INF INF 98 0 74 0 INF 95 37 INF INF 17 71 83
83 58 81 86 0 50 57 INF 0 66 18 43 80 56 5 90 16 54 82 65
INF 29 55 12 50 0 INF 71 INF 64 7 35 8 17 24 75 INF 13 41 13
INF 85 76 INF 57 INF 0 74 58 38 98 96 84 77 55 INF 75 4 INF 97
0 INF 21 INF INF 71 74 0 1 19 78 INF 55 INF 32 73 33 86 49 44
24 INF 18 98 0 INF 58 1 0 INF INF 1 34 68 INF INF INF 91 8 0
14 29 83 0 66 64 38 19 INF 0 25 INF 93 50 95 1 3 INF INF INF
30 88 98 74 18 7 98 78 INF 25 0 54 INF 78 26 60 29 61 7 38
22 55 58 0 43 35 96 INF 1 INF 54 0 INF 74 INF 44 2 INF 38 84
41 1 97 INF 80 8 84 55 34 93 INF INF 0 24 42 78 19 23 94 17
73 INF INF 95 56 17 77 INF 68 50 78 74 24 0 INF 86 91 21 30 15
50 62 82 37 5 24 55 32 INF 95 26 INF 42 INF 0 34 10 84 69 62
100 INF INF INF 90 75 INF 73 INF 1 60 44 78 86 34 0 23 46 45 18
INF INF 18 INF 16 INF 75 33 INF 3 29 2 19 91 10 23 0 61 49 1
91 79 26 17 54 13 4 86 91 INF 61 INF 23 21 84 46 61 0 16 96
77 INF INF 71 82 41 INF 49 8 INF 7 38 94 30 69 45 49 16 0 77
26 39 INF 83 65 13 97 44 0 INF 38 84 17 15 62 18 1 96 77 0
