20
0 19 84 47 88 0 17 2 INF 81 45 80 0 27 INF INF 59 10 41 66
19 0 75 86 80 71 INF 59 85 71 98 97 26 63 62 73 INF 31 INF 60
84 75 0 17 68 34 92 INF 25 1 79 93 88 52 INF 34 60 INF 100 90
47 86 17 0 81 38 INF INF 100 INF 55 62 14 17 INF 45 INF 22 INF INF
88 80 68 81 0 58 72 10 51 59 94 INF INF 30 17 30 61 INF INF 1
0 71 34 38 58 0 13 INF 29 38 59 INF 51 85 INF 31 84 91 9 15
17 INF 92 INF 72 13 0 56 0 INF INF INF 93 63 79 43 99 2 INF 5
2 59 INF INF 10 INF 56 0 3 INF INF 92 62 76 77 100 INF 55 79 INF
INF 85 25 100 51 29 0 3 0 41 INF 30 76 17 13 1 91 15 24 51
81 71 1 INF 59 38 INF INF 41 0 63 21 6 64 INF 15 INF 13 58 90
45 98 79 55 94 59 INF INF INF 63 0 48 37 3 8 1 INF 81 INF 38
80 97 93 62 INF INF INF 92 30 21 48 0 55 16 41 15 65 64 53 54
0 26 88 14 INF 51 93 62 76 6 37 55 0 14 49 INF 74 INF 42 64
27 63 52 17 30 85 63 76 17 64 3 16 14 0 INF 76 68 16 71 27
INF 62 INF INF 17 INF 79 77 13 INF 8 41 49 INF 0 35 9 7 89 78
INF 73 34 45 30 31 43 100 1 15 1 15 INF 76 35 0 100 11 7 20
59 INF 60 INF 61 84 99 INF 91 INF INF 65 74 68 9 100 0 94 INF 63
10 31 INF 22 INF 91 2 55 15 13 81 64 INF 16 7 11 94 0 62 85
41 INF 100 INF INF 9 INF 79 24 58 INF 53 42 71 89 7 INF 62 0 8
66 60 90 INF 1 15 5 INF 51 90 38 54 64 27 78 20 63 85 8 0
