15
0 1 70 90 13 INF 59 INF 70 78 59 66 82 47 INF
1 0 11 7 32 INF 72 28 97 46 INF 63 0 81 58
70 11 0 INF 90 INF 16 80 31 39 INF 36 83 88 INF
90 7 INF 0 84 9 69 86 95 37 43 88 36 67 69
13 32 90 84 0 67 INF 58 3 0 62 90 53 19 4
INF INF INF 9 67 0 28 73 90 46 28 INF INF INF 3
59 72 16 69 INF 28 0 11 83 80 81 98 43 66 22
INF 28 80 86 58 73 11 0 INF 69 INF INF 100 18 55
70 97 31 95 3 90 83 INF 0 41 13 42 15 33 INF
78 46 39 37 0 46 80 69 41 0 21 56 59 INF 0
59 INF INF 43 62 28 81 INF 13 21 0 7 69 INF 83
66 63 36 88 90 INF 98 INF 42 56 7 0 INF 74 85
82 0 83 36 53 INF 43 100 15 59 69 INF 0 70 23
47 81 88 67 19 INF 66 18 33 INF INF 74 70 0 81
INF 58 INF 69 4 3 22 55 INF 0 83 85 23 81 0
