15
0 INF 0 50 38 86 INF 94 94 88 59 41 10 10 10
INF 0 35 INF 40 38 INF 64 63 61 5 22 INF 61 96
0 35 0 46 63 18 67 93 INF 86 22 55 20 38 56
50 INF 46 0 INF 60 19 66 68 3 42 47 INF INF 5
38 40 63 INF 0 INF 79 80 61 99 INF 50 INF 41 36
86 38 18 60 INF 0 34 19 8 INF 14 90 INF 6 30
INF INF 67 19 79 34 0 90 86 89 27 76 88 75 5
94 64 93 66 80 19 90 0 INF 58 INF 91 86 41 75
94 63 INF 68 61 8 86 INF 0 89 1 12 7 20 INF
88 61 86 3 99 INF 89 58 89 0 64 72 83 94 8
59 5 22 42 INF 14 27 INF 1 64 0 88 INF 11 87
41 22 55 47 50 90 76 91 12 72 88 0 41 4 73
10 INF 20 INF INF INF 88 86 7 83 INF 41 0 INF 42
10 61 38 INF 41 6 75 41 20 94 11 4 INF 0 42
10 96 56 5 36 30 5 75 INF 8 87 73 42 42 0
