15
0 49 61 2 100 0 55 2 71 76 62 15 50 25 75
49 0 73 16 31 INF 48 45 33 56 77 1 43 32 88
61 73 0 INF 94 67 95 92 63 90 89 4 12 76 87
2 16 INF 0 25 83 74 INF INF 100 57 85 INF 73 93
100 31 94 25 0 34 67 1 59 27 76 INF 62 5 76
0 INF 67 83 34 0 62 40 INF 64 96 99 30 71 7
55 48 95 74 67 62 0 42 42 INF INF 18 30 34 49
2 45 92 INF 1 40 42 0 14 5 49 43 3 60 93
71 33 63 INF 59 INF 42 14 0 41 13 60 43 22 47
76 56 90 100 27 64 INF 5 41 0 69 41 64 62 19
62 77 89 57 76 96 INF 49 13 69 0 37 INF INF INF
15 1 4 85 INF 99 18 43 60 41 37 0 10 88 85
50 43 12 INF 62 30 30 3 43 64 INF 10 0 INF 54
25 32 76 73 5 71 34 60 22 62 INF 88 INF 0 INF
75 88 87 93 76 7 49 93 47 19 INF 85 54 INF 0
