50
0 28 INF 16 58 30 63 INF 17 96 65 91 43 87 INF 78 INF 26 4 13 25 22 17 INF INF INF 20 81 7 94 49 92 21 46 25 76 46 23 75 9 35 59 INF 7 33 INF 35 5 41 92
28 0 93 64 71 36 79 18 65 70 55 INF 81 56 62 65 INF 48 68 36 5 34 25 INF 71 50 84 INF INF 40 INF 1 91 88 26 56 INF 39 34 91 62 10 INF 49 INF 87 INF 43 81 12
INF 93 0 INF 43 24 12 86 42 65 42 61 23 82 23 54 45 48 24 INF 4 50 16 63 29 100 63 INF 79 91 43 69 91 INF 27 INF 89 25 95 52 84 39 92 94 88 48 87 43 41 24
16 64 INF 0 55 30 21 23 80 61 INF INF 6 91 30 62 INF 99 100 64 65 97 INF 89 89 INF 61 16 INF 64 43 83 84 73 INF 23 51 1 97 7 85 60 67 22 15 28 68 86 93 36
58 71 43 55 0 40 INF 27 61 74 59 4 47 INF 86 62 INF 28 3 56 80 44 55 88 INF 93 100 INF INF 32 62 INF 56 INF INF 23 73 49 51 47 36 82 1 66 INF 92 INF INF 48 88
30 36 24 30 40 0 73 58 21 1 95 INF 44 5 70 65 36 44 65 13 66 INF 4 97 INF 13 35 1 63 80 0 5 8 44 23 3 88 81 73 39 INF 16 53 31 73 45 62 53 30 INF
63 79 12 21 INF 73 0 88 69 70 0 27 11 INF 95 47 INF 7 65 88 58 69 89 28 INF 29 INF 66 59 INF INF 48 INF INF INF 37 43 82 53 98 16 68 90 41 25 14 INF INF 7 64
INF 18 86 23 27 58 88 0 15 71 9 15 6 70 43 17 81 93 68 8 12 100 27 INF INF INF 88 33 83 64 92 14 INF 88 22 80 79 97 10 11 46 27 86 83 86 76 92 INF 28 INF
17 65 42 80 61 21 69 15 0 16 91 87 22 37 75 18 27 INF 83 36 87 INF 45 INF 94 INF 93 INF 79 88 INF 95 7 94 24 INF 44 73 30 17 28 49 61 74 25 67 INF 33 76 94
96 70 65 61 74 1 70 71 16 0 26 83 39 35 12 INF INF 63 93 68 100 INF 62 9 19 98 54 81 57 88 6 INF INF INF INF 100 31 INF 27 37 63 97 6 60 65 2 26 INF 59 47
65 55 42 INF 59 95 0 9 91 26 0 35 62 30 99 4 91 15 61 86 24 67 32 62 28 74 99 77 20 85 25 32 8 82 8 38 39 43 10 INF 28 29 63 INF 7 19 INF INF INF 13
91 INF 61 INF 4 INF 27 15 87 83 35 0 65 77 41 14 INF INF 2 INF 56 21 INF INF 85 INF 20 36 66 72 67 20 56 INF 27 INF 92 65 60 71 57 98 INF 97 4 23 98 90 INF 92
43 81 23 6 47 44 11 6 22 39 62 65 0 7 57 INF 99 17 INF 58 54 80 76 97 INF 42 80 27 81 83 31 68 72 53 INF 65 1 78 50 76 INF 76 42 INF 39 INF 63 52 10 INF
87 56 82 91 INF 5 INF 70 37 35 30 77 7 0 83 INF 63 INF 75 INF INF 54 97 INF 69 INF 44 13 12 96 100 27 59 INF INF 63 53 73 11 INF 65 INF 32 INF 15 19 64 78 INF 45
INF 62 23 30 86 70 95 43 75 12 99 41 57 83 0 59 89 69 87 INF 56 16 54 INF 35 10 85 15 22 26 73 89 94 75 24 89 INF 13 INF 86 30 98 INF 45 96 INF 76 INF 28 44
78 65 54 62 62 65 47 17 18 INF 4 14 INF INF 59 0 23 100 89 59 16 56 INF 83 9 22 97 9 3 66 INF INF 62 INF INF 17 96 7 INF 11 INF 49 23 77 34 34 INF 25 67 61
INF INF 45 INF INF 36 INF 81 27 INF 91 INF 99 63 89 23 0 28 34 INF 97 78 76 INF 48 26 26 INF 40 91 31 37 65 11 88 56 54 62 INF 80 85 INF 79 46 68 60 6 31 25 88
26 48 48 99 28 44 7 93 INF 63 15 INF 17 INF 69 100 28 0 47 48 72 24 21 63 11 56 55 36 INF INF INF 30 85 10 38 82 43 37 INF 62 48 INF 18 23 91 97 INF 38 27 39
4 68 24 100 3 65 65 68 83 93 61 2 INF 75 87 89 34 47 0 INF INF 90 54 20 41 45 97 INF INF 1 INF INF INF INF 82 62 39 INF 62 77 6 23 74 83 61 46 26 31 61 64
13 36 INF 64 56 13 88 8 36 68 86 INF 58 INF INF 59 INF 48 INF 0 INF 40 INF INF 36 54 80 34 99 16 56 45 3 26 49 73 79 INF INF 73 INF 70 INF 93 35 54 10 80 INF INF
25 5 4 65 80 66 58 12 87 100 24 56 54 INF 56 16 97 72 INF INF 0 10 58 8 29 67 INF 67 INF 15 87 INF 63 19 35 90 59 55 17 23 21 27 INF 12 51 88 72 55 INF 68
22 34 50 97 44 INF 69 100 INF INF 67 21 80 54 16 56 78 24 90 40 10 0 31 98 42 50 13 47 5 88 INF 93 54 98 INF INF INF 43 27 78 31 78 75 89 45 64 INF 37 4 30
17 25 16 INF 55 4 89 27 45 62 32 INF 76 97 54 INF 76 21 54 INF 58 31 0 INF 76 1 INF 73 93 74 59 INF 89 86 17 17 52 7 52 8 28 10 22 17 INF INF 37 67 14 26
INF INF 63 89 88 97 28 INF INF 9 62 INF 97 INF INF 83 INF 63 20 INF 8 98 INF 0 34 65 75 43 25 78 85 81 9 96 12 42 87 78 INF INF 72 81 72 11 97 13 63 46 45 14
INF 71 29 89 INF INF INF INF 94 19 28 85 INF 69 35 9 48 11 41 36 29 42 76 34 0 50 45 28 43 INF 13 64 INF 38 51 9 66 14 52 77 INF 34 63 5 72 8 91 24 21 INF
INF 50 100 INF 93 13 29 INF INF 98 74 INF 42 INF 10 22 26 56 45 54 67 50 1 65 50 0 67 27 INF 77 49 51 72 29 68 94 INF 44 35 53 56 INF INF INF 51 44 INF 60 13 14
20 84 63 61 100 35 INF 88 93 54 99 20 80 44 85 97 26 55 97 80 INF 13 INF 75 45 67 0 INF 3 34 67 52 34 71 65 46 9 INF 18 INF INF 67 INF 45 32 INF INF 100 98 43
81 INF INF 16 INF 1 66 33 INF 81 77 36 27 13 15 9 INF 36 INF 34 67 47 73 43 28 27 INF 0 69 61 69 95 77 17 64 13 13 6 98 90 99 91 44 13 INF 30 INF 49 9 5
7 INF 79 INF INF 63 59 83 79 57 20 66 81 12 22 3 40 INF INF 99 INF 5 93 25 43 INF 3 69 0 INF 2 63 0 95 INF 94 40 42 INF 47 38 41 INF 80 56 3 52 INF 64 INF
94 40 91 64 32 80 INF 64 88 88 85 72 83 96 26 66 91 INF 1 16 15 88 74 78 INF 77 34 61 INF 0 55 12 38 33 19 60 13 57 68 12 71 INF 100 INF 60 57 14 42 26 INF
49 INF 43 43 62 0 INF 92 INF 6 25 67 31 100 73 INF 31 INF INF 56 87 INF 59 85 13 49 67 69 2 55 0 92 51 85 29 4 30 87 INF 56 55 23 90 39 16 87 9 18 95 77
92 1 69 83 INF 5 48 14 95 INF 32 20 68 27 89 INF 37 30 INF 45 INF 93 INF 81 64 51 52 95 63 12 92 0 35 82 88 90 98 97 89 94 INF 84 30 68 INF 88 31 55 INF 14
21 91 91 84 56 8 INF INF 7 INF 8 56 72 59 94 62 65 85 INF 3 63 54 89 9 INF 72 34 77 0 38 51 35 0 19 23 66 INF 1 83 40 INF 0 85 58 91 29 91 26 52 INF
46 88 INF 73 INF 44 INF 88 94 INF 82 INF 53 INF 75 INF 11 10 INF 26 19 98 86 96 38 29 71 17 95 33 85 82 19 0 66 42 INF 85 46 24 31 50 100 71 32 26 22 10 10 INF
25 26 27 INF INF 23 INF 22 24 INF 8 27 INF INF 24 INF 88 38 82 49 35 INF 17 12 51 68 65 64 INF 19 29 88 23 66 0 98 INF 73 INF 94 INF 11 97 INF 52 95 75 64 20 61
76 56 INF 23 23 3 37 80 INF 100 38 INF 65 63 89 17 56 82 62 73 90 INF 17 42 9 94 46 13 94 60 4 90 66 42 98 0 62 22 75 32 46 67 13 11 74 INF 67 INF 66 10
46 INF 89 51 73 88 43 79 44 31 39 92 1 53 INF 96 54 43 39 79 59 INF 52 87 66 INF 9 13 40 13 30 98 INF INF INF 62 0 INF 14 INF 31 5 27 82 25 36 INF INF 94 30
23 39 25 1 49 81 82 97 73 INF 43 65 78 73 13 7 62 37 INF INF 55 43 7 78 14 44 INF 6 42 57 87 97 1 85 73 22 INF 0 28 INF 64 25 69 96 21 64 4 97 33 92
75 34 95 97 51 73 53 10 30 27 10 60 50 11 INF INF INF INF 62 INF 17 27 52 INF 52 35 18 98 INF 68 INF 89 83 46 INF 75 14 28 0 42 94 INF 91 47 43 56 65 39 9 INF
9 91 52 7 47 39 98 11 17 37 INF 71 76 INF 86 11 80 62 77 73 23 78 8 INF 77 53 INF 90 47 12 56 94 40 24 94 32 INF INF 42 0 36 62 22 72 45 96 90 41 INF 35
35 62 84 85 36 INF 16 46 28 63 28 57 INF 65 30 INF 85 48 6 INF 21 31 28 72 INF 56 INF 99 38 71 55 INF INF 31 INF 46 31 64 94 36 0 100 74 70 73 44 15 9 74 31
59 10 39 60 82 16 68 27 49 97 29 98 76 INF 98 49 INF INF 23 70 27 78 10 81 34 INF 67 91 41 INF 23 84 0 50 11 67 5 25 INF 62 100 0 87 57 68 94 39 INF 42 INF
INF INF 92 67 1 53 90 86 61 6 63 INF 42 32 INF 23 79 18 74 INF INF 75 22 72 63 INF INF 44 INF 100 90 30 85 100 97 13 27 69 91 22 74 87 0 13 37 32 68 0 27 56
7 49 94 22 66 31 41 83 74 60 INF 97 INF INF 45 77 46 23 83 93 12 89 17 11 5 INF 45 13 80 INF 39 68 58 71 INF 11 82 96 47 72 70 57 13 0 71 4 24 52 17 28
33 INF 88 15 INF 73 25 86 25 65 7 4 39 15 96 34 68 91 61 35 51 45 INF 97 72 51 32 INF 56 60 16 INF 91 32 52 74 25 21 43 45 73 68 37 71 0 9 INF 54 INF 14
INF 87 48 28 92 45 14 76 67 2 19 23 INF 19 INF 34 60 97 46 54 88 64 INF 13 8 44 INF 30 3 57 87 88 29 26 95 INF 36 64 56 96 44 94 32 4 9 0 88 86 75 97
35 INF 87 68 INF 62 INF 92 INF 26 INF 98 63 64 76 INF 6 INF 26 10 72 INF 37 63 91 INF INF INF 52 14 9 31 91 22 75 67 INF 4 65 90 15 39 68 24 INF 88 0 2 INF 93
5 43 43 86 INF 53 INF INF 33 INF INF 90 52 78 INF 25 31 38 31 80 55 37 67 46 24 60 100 49 INF 42 18 55 26 10 64 INF INF 97 39 41 9 INF 0 52 54 86 2 0 32 2
41 81 41 93 48 30 7 28 76 59 INF INF 10 INF 28 67 25 27 61 INF INF 4 14 45 21 13 98 9 64 26 95 INF 52 10 20 66 94 33 9 INF 74 42 27 17 INF 75 INF 32 0 78
92 12 24 36 88 INF 64 INF 94 47 13 92 INF 45 44 61 88 39 64 INF 68 30 26 14 INF 14 43 5 INF INF 77 14 INF INF 61 10 30 92 INF 35 31 INF 56 28 14 97 93 2 78 0
