50
0 69 10 30 41 82 99 75 INF INF INF 45 13 82 95 INF INF 5 70 63 22 INF 69 68 43 33 INF 89 27 96 99 INF 57 80 92 69 82 50 6 29 86 46 16 9 21 INF 65 INF 38 64
69 0 75 69 69 32 14 INF 1 79 70 35 98 98 INF 92 15 63 20 29 48 39 16 8 51 86 35 38 56 81 8 24 34 82 2 96 39 11 INF INF 72 33 38 88 INF 86 72 INF 25 6
10 75 0 INF 3 INF INF INF INF 22 96 62 0 4 16 54 23 75 47 56 INF 46 72 32 19 5 26 85 INF 94 10 21 42 39 72 69 1 27 35 47 13 85 INF 22 65 INF 75 70 65 7
30 69 INF 0 3 49 INF 3 30 INF INF 53 32 75 INF INF 91 76 13 49 INF 73 22 INF INF 19 INF 28 INF 100 45 93 94 65 69 INF 13 5 39 84 49 INF 71 8 47 21 41 64 79 72
41 69 3 3 0 26 10 87 31 5 42 75 14 75 62 18 54 84 55 INF 82 22 INF 47 INF 23 60 95 17 INF INF 9 59 49 2 INF INF 72 35 69 60 67 20 13 64 59 59 51 5 20
82 32 INF 49 26 0 72 80 9 88 50 30 36 94 73 49 INF 18 0 40 40 41 96 61 INF INF INF 85 1 99 84 60 5 70 26 40 61 INF INF 9 67 42 18 54 56 INF INF 93 6 INF
99 14 INF INF 10 72 0 INF 95 75 100 1 74 57 59 15 INF 13 53 43 54 20 27 29 86 42 78 1 INF 46 16 49 INF 14 36 50 84 42 INF 19 67 INF 88 35 9 41 9 25 INF 7
75 INF INF 3 87 80 INF 0 53 12 64 45 INF 17 91 51 47 27 INF 28 100 95 99 90 INF 79 INF 26 14 7 INF 25 11 INF INF 29 51 88 INF 87 28 INF 51 INF 90 9 46 3 37 19
INF 1 INF 30 31 9 95 53 0 82 30 INF 38 17 4 77 INF 75 29 6 INF 77 97 64 32 INF INF INF 14 INF 8 83 85 68 63 93 51 32 23 INF INF 67 INF 61 91 37 29 80 33 INF
INF 79 22 INF 5 88 75 12 82 0 71 69 INF 15 24 INF 47 54 25 54 58 94 100 30 93 9 50 74 19 13 30 INF INF INF INF 84 84 33 98 INF INF 34 84 96 94 84 0 46 90 55
INF 70 96 INF 42 50 100 64 30 71 0 43 4 35 9 44 10 54 INF 47 32 99 82 71 76 66 1 INF 3 25 24 77 22 83 50 76 1 51 INF 17 88 31 74 10 42 57 12 8 67 57
45 35 62 53 75 30 1 45 INF 69 43 0 67 81 INF 21 44 21 INF 59 22 40 7 98 17 79 87 88 5 70 11 55 77 96 98 23 INF 85 10 INF 91 22 75 77 1 56 69 INF 22 39
13 98 0 32 14 36 74 INF 38 INF 4 67 0 6 INF 1 85 88 INF 91 93 32 14 26 90 73 11 INF INF 92 24 INF INF 53 77 77 4 64 83 21 87 13 100 73 40 2 61 46 68 INF
82 98 4 75 75 94 57 17 17 15 35 81 6 0 37 42 19 INF 42 80 INF 8 44 INF 17 9 18 0 3 INF 20 64 50 8 8 70 8 INF 52 6 18 9 INF 79 76 0 36 60 79 7
95 INF 16 INF 62 73 59 91 4 24 9 INF INF 37 0 71 75 93 8 82 6 86 INF INF INF INF 5 INF 66 2 56 65 26 INF 79 11 INF 24 57 37 54 64 54 76 23 6 29 INF 78 46
INF 92 54 INF 18 49 15 51 77 INF 44 21 1 42 71 0 66 37 INF 56 96 4 INF INF INF 13 INF 47 15 87 61 19 95 INF INF 41 67 0 85 26 INF 31 1 61 64 INF 33 76 INF 34
INF 15 23 91 54 INF INF 47 INF 47 10 44 85 19 75 66 0 46 16 INF 89 62 37 INF 42 40 10 INF 80 71 51 INF 16 49 13 30 67 73 85 58 34 9 80 INF 3 53 16 87 INF 27
5 63 75 76 84 18 13 27 75 54 54 21 88 INF 93 37 46 0 INF INF INF 30 87 48 91 11 25 88 85 99 47 11 84 7 77 29 58 36 INF INF 60 59 INF 94 8 47 84 51 23 30
70 20 47 13 55 0 53 INF 29 25 INF INF INF 42 8 INF 16 INF 0 39 62 86 94 18 4 55 38 90 97 91 INF INF 48 INF 8 91 44 86 54 21 66 0 37 13 62 27 64 53 5 61
63 29 56 49 INF 40 43 28 6 54 47 59 91 80 82 56 INF INF 39 0 INF 90 61 98 0 INF 30 92 14 38 36 INF 49 74 7 44 INF 60 0 16 15 INF 11 58 25 32 34 INF 55 25
22 48 INF INF 82 40 54 100 INF 58 32 22 93 INF 6 96 89 INF 62 INF 0 55 INF 81 71 9 37 8 INF 29 26 8 75 15 33 91 88 64 INF INF 85 INF 94 72 42 7 55 INF 61 INF
INF 39 46 73 22 41 20 95 77 94 99 40 32 8 86 4 62 30 86 90 55 0 75 INF 43 18 49 92 40 19 62 INF 22 77 INF 4 INF INF 2 21 40 21 93 86 3 29 68 11 2 INF
69 16 72 22 INF 96 27 99 97 100 82 7 14 44 INF INF 37 87 94 61 INF 75 0 65 94 24 INF 6 45 88 26 INF 4 36 68 68 84 INF INF 46 INF 13 26 67 58 5 0 INF INF 10
68 8 32 INF 47 61 29 90 64 30 71 98 26 INF INF INF INF 48 18 98 81 INF 65 0 39 20 21 67 INF 9 INF 30 INF 31 38 INF 19 39 67 INF 17 52 100 INF INF 43 30 65 INF 27
43 51 19 INF INF INF 86 INF 32 93 76 17 90 17 INF INF 42 91 4 0 71 43 94 39 0 47 95 71 INF 90 90 51 INF INF 86 29 INF INF 2 68 75 40 82 98 9 44 37 73 INF 25
33 86 5 19 23 INF 42 79 INF 9 66 79 73 9 INF 13 40 11 55 INF 9 18 24 20 47 0 93 46 INF 90 46 38 43 INF 48 58 INF 80 64 28 62 16 21 79 39 5 62 82 20 33
INF 35 26 INF 60 INF 78 INF INF 50 1 87 11 18 5 INF 10 25 38 30 37 49 INF 21 95 93 0 46 43 60 17 24 INF 43 INF 67 51 78 70 72 47 INF 89 100 INF 90 34 88 44 43
89 38 85 28 95 85 1 26 INF 74 INF 88 INF 0 INF 47 INF 88 90 92 8 92 6 67 71 46 46 0 INF 17 INF 89 28 18 95 63 43 INF 97 94 51 77 INF 92 11 INF 81 44 99 43
27 56 INF INF 17 1 INF 14 14 19 3 5 INF 3 66 15 80 85 97 14 INF 40 45 INF INF INF 43 INF 0 8 76 5 91 55 59 INF 85 47 26 23 21 INF INF 68 12 83 INF 61 INF 71
96 81 94 100 INF 99 46 7 INF 13 25 70 92 INF 2 87 71 99 91 38 29 19 88 9 90 90 60 17 8 0 69 22 74 74 INF 83 INF 86 INF 54 10 81 INF 74 90 25 5 INF 21 1
99 8 10 45 INF 84 16 INF 8 30 24 11 24 20 56 61 51 47 INF 36 26 62 26 INF 90 46 17 INF 76 69 0 INF INF INF 63 50 38 12 24 82 94 1 6 16 31 48 69 INF 5 58
INF 24 21 93 9 60 49 25 83 INF 77 55 INF 64 65 19 INF 11 INF INF 8 INF INF 30 51 38 24 89 5 22 INF 0 INF INF INF 81 60 71 INF 79 33 59 30 INF INF 13 58 INF INF 75
57 34 42 94 59 5 INF 11 85 INF 22 77 INF 50 26 95 16 84 48 49 75 22 4 INF INF 43 INF 28 91 74 INF INF 0 56 34 0 7 59 INF 21 9 37 39 74 0 25 74 39 23 71
80 82 39 65 49 70 14 INF 68 INF 83 96 53 8 INF INF 49 7 INF 74 15 77 36 31 INF INF 43 18 55 74 INF INF 56 0 3 97 INF 4 49 87 75 48 2 64 64 INF INF 19 30 60
92 2 72 69 2 26 36 INF 63 INF 50 98 77 8 79 INF 13 77 8 7 33 INF 68 38 86 48 INF 95 59 INF 63 INF 34 3 0 68 47 31 64 87 25 52 64 INF 51 44 87 12 50 41
69 96 69 INF INF 40 50 29 93 84 76 23 77 70 11 41 30 29 91 44 91 4 68 INF 29 58 67 63 INF 83 50 81 0 97 68 0 INF 39 57 35 INF INF INF INF 13 19 96 93 99 INF
82 39 1 13 INF 61 84 51 51 84 1 INF 4 8 INF 67 67 58 44 INF 88 INF 84 19 INF INF 51 43 85 INF 38 60 7 INF 47 INF 0 12 INF INF 79 75 67 95 INF 63 18 60 60 INF
50 11 27 5 72 INF 42 88 32 33 51 85 64 INF 24 0 73 36 86 60 64 INF INF 39 INF 80 78 INF 47 86 12 71 59 4 31 39 12 0 INF 0 14 INF INF 5 54 5 47 32 53 39
6 INF 35 39 35 INF INF INF 23 98 INF 10 83 52 57 85 85 INF 54 0 INF 2 INF 67 2 64 70 97 26 INF 24 INF INF 49 64 57 INF INF 0 93 56 9 48 13 2 35 100 51 87 5
29 INF 47 84 69 9 19 87 INF INF 17 INF 21 6 37 26 58 INF 21 16 INF 21 46 INF 68 28 72 94 23 54 82 79 21 87 87 35 INF 0 93 0 70 89 10 26 INF 6 48 32 2 96
86 72 13 49 60 67 67 28 INF INF 88 91 87 18 54 INF 34 60 66 15 85 40 INF 17 75 62 47 51 21 10 94 33 9 75 25 INF 79 14 56 70 0 47 58 78 38 80 100 42 65 55
46 33 85 INF 67 42 INF INF 67 34 31 22 13 9 64 31 9 59 0 INF INF 21 13 52 40 16 INF 77 INF 81 1 59 37 48 52 INF 75 INF 9 89 47 0 94 57 51 83 5 95 100 59
16 38 INF 71 20 18 88 51 INF 84 74 75 100 INF 54 1 80 INF 37 11 94 93 26 100 82 21 89 INF INF INF 6 30 39 2 64 INF 67 INF 48 10 58 94 0 57 18 46 54 98 INF INF
9 88 22 8 13 54 35 INF 61 96 10 77 73 79 76 61 INF 94 13 58 72 86 67 INF 98 79 100 92 68 74 16 INF 74 64 INF INF 95 5 13 26 78 57 57 0 INF 43 24 29 48 91
21 INF 65 47 64 56 9 90 91 94 42 1 40 76 23 64 3 8 62 25 42 3 58 INF 9 39 INF 11 12 90 31 INF 0 64 51 13 INF 54 2 INF 38 51 18 INF 0 97 39 INF INF INF
INF 86 INF 21 59 INF 41 9 37 84 57 56 2 0 6 INF 53 47 27 32 7 29 5 43 44 5 90 INF 83 25 48 13 25 INF 44 19 63 5 35 6 80 83 46 43 97 0 65 45 16 93
65 72 75 41 59 INF 9 46 29 0 12 69 61 36 29 33 16 84 64 34 55 68 0 30 37 62 34 81 INF 5 69 58 74 INF 87 96 18 47 100 48 100 5 54 24 39 65 0 INF 97 2
INF INF 70 64 51 93 25 3 80 46 8 INF 46 60 INF 76 87 51 53 INF INF 11 INF 65 73 82 88 44 61 INF INF INF 39 19 12 93 60 32 51 32 42 95 98 29 INF 45 INF 0 61 13
38 25 65 79 5 6 INF 37 33 90 67 22 68 79 78 INF INF 23 5 55 61 2 INF INF INF 20 44 99 INF 21 5 INF 23 30 50 99 60 53 87 2 65 100 INF 48 INF 16 97 61 0 55
64 6 7 72 20 INF 7 19 INF 55 57 39 INF 7 46 34 27 30 61 25 INF INF 10 27 25 33 43 43 71 1 58 75 71 60 41 INF INF 39 5 96 55 59 INF 91 INF 93 2 13 55 0
