50
0 7 35 44 10 43 100 INF 71 9 INF 55 95 75 40 INF 70 INF 33 1 35 47 34 INF 87 INF 97 82 83 47 60 91 INF 34 84 33 27 17 93 13 73 78 81 76 4 16 93 38 INF 70
7 0 31 INF 65 86 75 50 2 67 30 48 INF 53 3 INF INF 21 25 75 54 81 88 59 32 74 INF 49 86 45 1 36 50 98 57 48 43 91 35 72 4 74 INF 76 17 51 56 48 82 86
35 31 0 1 100 96 INF INF 72 INF 74 17 38 93 77 33 87 84 19 65 78 INF 42 93 71 98 54 INF 2 3 41 77 INF 9 INF 1 INF 44 91 63 41 INF 68 44 48 46 INF 26 26 23
44 INF 1 0 1 2 96 33 98 81 77 72 44 89 0 64 INF 36 7 14 INF INF 62 64 35 INF 21 61 INF INF 37 26 15 78 INF INF 46 INF INF INF 93 32 INF 85 4 INF INF 27 54 78
10 65 100 1 0 75 25 3 INF 6 25 INF 100 63 5 INF 29 33 75 INF 99 14 14 96 33 30 78 49 INF 64 51 INF 98 5 INF 90 39 INF 86 45 64 6 31 15 INF 86 28 60 1 28
43 86 96 2 75 0 21 17 INF 31 INF 0 INF 14 53 16 56 18 6 88 76 INF 57 7 INF 39 1 92 100 25 25 77 88 93 66 INF 1 86 54 42 71 26 0 88 INF INF INF 14 6 35
100 75 INF 96 25 21 0 14 29 81 50 INF 44 11 46 3 13 11 63 53 23 82 58 INF 89 35 80 97 51 INF 35 79 76 45 35 47 60 11 59 100 INF INF INF 8 INF INF 93 59 21 65
INF 50 INF 33 3 17 14 0 57 INF INF 60 83 33 41 100 33 9 46 52 INF 48 55 58 46 65 98 INF 52 40 60 61 45 INF 77 75 28 89 34 73 INF 88 86 5 92 77 INF INF INF 76
71 2 72 98 INF INF 29 57 0 62 97 53 97 57 42 47 1 37 56 95 43 59 19 84 95 15 71 55 98 73 22 86 81 44 69 29 30 51 45 INF 38 53 53 INF 31 90 75 INF 40 22
9 67 INF 81 6 31 81 INF 62 0 7 71 53 88 31 INF 3 46 52 74 78 18 INF INF 68 89 96 54 27 20 INF INF INF 87 INF 23 INF INF 30 33 76 34 43 INF 37 10 85 2 INF 33
INF 30 74 77 25 INF 50 INF 97 7 0 47 INF 2 51 97 1 INF 30 79 65 4 INF INF 46 97 INF 45 47 3 INF 21 26 57 29 38 INF 43 24 75 56 INF 42 27 INF 61 22 INF 97 95
55 48 17 72 INF 0 INF 60 53 71 47 0 60 76 72 10 INF INF 41 60 22 99 63 24 4 INF 51 INF 58 100 49 INF 71 7 INF INF 9 100 75 60 84 17 63 15 83 25 INF 50 59 96
95 INF 38 44 100 INF 44 83 97 53 INF 60 0 INF 16 INF 53 8 81 5 30 69 INF 43 26 INF 51 19 55 22 58 INF 68 INF 14 3 57 27 28 91 41 53 15 INF 59 27 INF 11 49 17
75 53 93 89 63 14 11 33 57 88 2 76 INF 0 73 INF 35 INF 19 62 56 4 59 61 45 87 51 INF INF 14 3 INF 97 44 40 INF 72 INF 78 44 29 70 74 INF INF 10 41 32 INF 29
40 3 77 0 5 53 46 41 42 31 51 72 16 73 0 41 INF INF 73 50 57 33 INF 70 100 48 51 97 84 28 55 87 INF 93 79 63 85 33 45 9 54 57 92 78 65 94 99 INF INF 79
INF INF 33 64 INF 16 3 100 47 INF 97 10 INF INF 41 0 60 89 INF INF 100 28 7 26 76 70 54 63 25 INF 88 8 52 19 4 65 10 72 58 INF 13 INF 83 8 56 25 77 94 99 INF
70 INF 87 INF 29 56 13 33 1 3 1 INF 53 35 INF 60 0 63 7 84 49 INF 0 59 98 97 INF INF 51 18 33 54 INF 55 6 13 10 31 94 INF 58 90 68 INF 67 64 60 35 INF 14
INF 21 84 36 33 18 11 9 37 46 INF INF 8 INF INF 89 63 0 27 94 1 30 36 44 57 80 64 54 44 91 14 55 89 INF 11 33 54 8 INF 100 INF 69 65 1 44 89 48 32 INF 37
33 25 19 7 75 6 63 46 56 52 30 41 81 19 73 INF 7 27 0 25 75 94 90 72 9 21 INF 35 INF INF INF 95 28 49 INF 54 60 89 18 90 62 2 INF 64 53 58 32 30 16 INF
1 75 65 14 INF 88 53 52 95 74 79 60 5 62 50 INF 84 94 25 0 53 INF 68 INF 3 82 1 1 INF 53 66 9 94 71 INF 22 95 14 INF 37 16 91 23 INF 1 69 INF 76 93 INF
35 54 78 INF 99 76 23 INF 43 78 65 22 30 56 57 100 49 1 75 53 0 7 57 44 INF INF 20 14 98 19 8 INF 23 17 56 53 79 INF 28 86 44 INF 39 INF 43 INF 60 92 61 63
47 81 INF INF 14 INF 82 48 59 18 4 99 69 4 33 28 INF 30 94 INF 7 0 81 78 INF 86 41 54 33 INF 14 54 77 54 54 INF 46 20 80 20 43 INF 27 55 10 42 INF 62 9 98
34 88 42 62 14 57 58 55 19 INF INF 63 INF 59 INF 7 0 36 90 68 57 81 0 4 100 41 76 69 86 73 88 INF 27 98 94 38 91 47 72 84 52 10 50 26 93 INF 96 55 32 8
INF 59 93 64 96 7 INF 58 84 INF INF 24 43 61 70 26 59 44 72 INF 44 78 4 0 66 84 52 1 87 INF 69 24 46 77 INF 11 INF 20 92 INF 78 19 0 96 35 40 93 100 INF 9
87 32 71 35 33 INF 89 46 95 68 46 4 26 45 100 76 98 57 9 3 INF INF 100 66 0 INF INF 67 5 2 24 12 23 14 47 INF 13 INF 17 58 46 87 3 0 91 INF 96 85 25 56
INF 74 98 INF 30 39 35 65 15 89 97 INF INF 87 48 70 97 80 21 82 INF 86 41 84 INF 0 56 63 60 4 46 9 INF 97 3 46 INF 39 93 27 16 27 85 INF INF 58 INF 81 INF 81
97 INF 54 21 78 1 80 98 71 96 INF 51 51 51 51 54 INF 64 INF 1 20 41 76 52 INF 56 0 52 57 79 74 INF 14 65 99 11 88 52 49 INF 8 28 17 INF 92 72 INF INF 86 24
82 49 INF 61 49 92 97 INF 55 54 45 INF 19 INF 97 63 INF 54 35 1 14 54 69 1 67 63 52 0 30 66 INF INF 75 43 INF 55 68 70 78 98 39 32 5 5 0 59 INF 68 2 98
83 86 2 INF INF 100 51 52 98 27 47 58 55 INF 84 25 51 44 INF INF 98 33 86 87 5 60 57 30 0 15 13 5 INF 38 31 49 49 58 96 24 91 57 79 93 50 90 71 INF INF 79
47 45 3 INF 64 25 INF 40 73 20 3 100 22 14 28 INF 18 91 INF 53 19 INF 73 INF 2 4 79 66 15 0 32 57 13 7 45 1 20 36 61 40 13 99 INF 63 84 75 2 26 16 52
60 1 41 37 51 25 35 60 22 INF INF 49 58 3 55 88 33 14 INF 66 8 14 88 69 24 46 74 INF 13 32 0 INF 78 74 41 77 19 12 0 17 26 INF INF 84 18 13 14 82 12 INF
91 36 77 26 INF 77 79 61 86 INF 21 INF INF INF 87 8 54 55 95 9 INF 54 INF 24 12 9 INF INF 5 57 INF 0 68 14 64 86 28 87 30 83 85 72 97 26 INF 76 49 8 64 30
INF 50 INF 15 98 88 76 45 81 INF 26 71 68 97 INF 52 INF 89 28 94 23 77 27 46 23 INF 14 75 INF 13 78 68 0 42 INF 7 27 31 86 73 54 94 INF 89 INF 92 46 71 55 INF
34 98 9 78 5 93 45 INF 44 87 57 7 INF 44 93 19 55 INF 49 71 17 54 98 77 14 97 65 43 38 7 74 14 42 0 13 19 INF 59 INF 83 0 48 19 33 INF 85 84 71 53 37
84 57 INF INF INF 66 35 77 69 INF 29 INF 14 40 79 4 6 11 INF INF 56 54 94 INF 47 3 99 INF 31 45 41 64 INF 13 0 30 25 INF 21 36 89 INF 68 16 INF 3 50 INF 74 100
33 48 1 INF 90 INF 47 75 29 23 38 INF 3 INF 63 65 13 33 54 22 53 INF 38 11 INF 46 11 55 49 1 77 86 7 19 30 0 41 44 22 26 69 35 74 97 88 85 84 2 10 25
27 43 INF 46 39 1 60 28 30 INF INF 9 57 72 85 10 10 54 60 95 79 46 91 INF 13 INF 88 68 49 20 19 28 27 INF 25 41 0 91 43 INF 8 41 62 78 19 INF 74 83 48 INF
17 91 44 INF INF 86 11 89 51 INF 43 100 27 INF 33 72 31 8 89 14 INF 20 47 20 INF 39 52 70 58 36 12 87 31 59 INF 44 91 0 53 36 55 INF 48 56 48 3 28 36 41 INF
93 35 91 INF 86 54 59 34 45 30 24 75 28 78 45 58 94 INF 18 INF 28 80 72 92 17 93 49 78 96 61 0 30 86 INF 21 22 43 53 0 INF 84 46 38 54 18 87 INF 16 28 70
13 72 63 INF 45 42 100 73 INF 33 75 60 91 44 9 INF INF 100 90 37 86 20 84 INF 58 27 INF 98 24 40 17 83 73 83 36 26 INF 36 INF 0 35 14 64 INF 5 49 INF 22 91 68
73 4 41 93 64 71 INF INF 38 76 56 84 41 29 54 13 58 INF 62 16 44 43 52 78 46 16 8 39 91 13 26 85 54 0 89 69 8 55 84 35 0 53 2 37 97 86 87 INF 83 22
78 74 INF 32 6 26 INF 88 53 34 INF 17 53 70 57 INF 90 69 2 91 INF INF 10 19 87 27 28 32 57 99 INF 72 94 48 INF 35 41 INF 46 14 53 0 6 98 INF 61 97 INF 96 24
81 INF 68 INF 31 0 INF 86 53 43 42 63 15 74 92 83 68 65 INF 23 39 27 50 0 3 85 17 5 79 INF INF 97 INF 19 68 74 62 48 38 64 2 6 0 96 65 33 17 67 5 41
76 76 44 85 15 88 8 5 INF INF 27 15 INF INF 78 8 INF 1 64 INF INF 55 26 96 0 INF INF 5 93 63 84 26 89 33 16 97 78 56 54 INF 37 98 96 0 INF 27 58 42 84 91
4 17 48 4 INF INF INF 92 31 37 INF 83 59 INF 65 56 67 44 53 1 43 10 93 35 91 INF 92 0 50 84 18 INF INF INF INF 88 19 48 18 5 97 INF 65 INF 0 8 88 25 76 83
16 51 46 INF 86 INF INF 77 90 10 61 25 27 10 94 25 64 89 58 69 INF 42 INF 40 INF 58 72 59 90 75 13 76 92 85 3 85 INF 3 87 49 86 61 33 27 8 0 100 4 63 37
93 56 INF INF 28 INF 93 INF 75 85 22 INF INF 41 99 77 60 48 32 INF 60 INF 96 93 96 INF INF INF 71 2 14 49 46 84 50 84 74 28 INF INF 87 97 17 58 88 100 0 42 59 64
38 48 26 27 60 14 59 INF INF 2 INF 50 11 32 INF 94 35 32 30 76 92 62 55 100 85 81 INF 68 INF 26 82 8 71 71 INF 2 83 36 16 22 INF INF 67 42 25 4 42 0 55 20
INF 82 26 54 1 6 21 INF 40 INF 97 59 49 INF INF 99 INF INF 16 93 61 9 32 INF 25 INF 86 2 INF 16 12 64 55 53 74 10 48 41 28 91 83 96 5 84 76 63 59 55 0 4
70 86 23 78 28 35 65 76 22 33 95 96 17 29 79 INF 14 37 INF INF 63 98 8 9 56 81 24 98 79 52 INF 30 INF 37 100 25 INF INF 70 68 22 24 41 91 83 37 64 20 4 0
