50
0 100 2 0 58 37 56 78 81 19 2 53 3 0 82 58 91 82 15 78 87 56 INF 50 98 8 INF INF INF 51 INF 31 23 4 12 95 48 18 67 29 INF 66 71 5 74 INF 61 98 98 47
100 0 85 89 21 INF 91 89 99 72 97 54 84 12 INF 10 88 53 32 INF 81 68 26 37 39 INF 28 INF 13 19 83 INF 78 67 28 29 30 4 71 20 INF 87 47 INF INF INF 20 INF 34 65
2 85 0 INF 53 74 60 INF INF 42 31 75 INF 30 5 2 76 12 1 INF 52 81 76 22 19 18 38 78 86 54 34 50 64 0 INF INF 47 78 INF 35 INF INF 48 63 79 15 74 56 INF 43
0 89 INF 0 61 46 29 9 INF 53 100 81 INF 78 72 41 24 18 9 74 92 5 64 66 INF INF 31 INF 30 57 40 65 34 65 49 41 65 INF 78 28 INF INF 12 INF INF 1 0 80 49 13
58 21 53 61 0 INF 89 INF 58 56 39 72 41 62 71 INF 89 25 INF 11 51 INF 50 INF 3 45 71 0 52 33 73 58 22 51 INF 73 INF 86 INF 19 15 52 34 67 27 27 89 INF 75 91
37 INF 74 46 INF 0 36 58 INF INF 43 40 83 68 32 57 INF INF 36 76 62 85 90 90 40 45 14 22 98 INF 8 61 78 46 30 27 13 61 35 88 32 86 19 96 10 96 69 69 41 INF
56 91 60 29 89 36 0 68 INF 20 28 INF 24 4 89 81 61 58 75 11 76 9 7 INF INF 48 81 14 65 30 79 65 63 92 83 INF 69 INF INF 7 75 INF 3 55 INF INF 83 INF 90 89
78 89 INF 9 INF 58 68 0 89 2 95 44 30 INF INF 50 87 52 46 INF 13 96 30 59 64 46 0 18 INF 7 INF 69 31 47 91 25 55 INF 33 38 0 55 INF 70 66 INF INF 56 68 9
81 99 INF INF 58 INF INF 89 0 9 65 65 91 94 23 INF 95 INF 74 60 INF 34 85 78 85 36 91 88 90 27 47 INF 73 18 1 49 36 48 97 71 34 95 6 12 90 INF 99 51 INF 59
19 72 42 53 56 INF 20 2 9 0 38 73 0 76 INF 68 14 32 40 INF 10 29 INF INF 63 37 34 INF 50 98 15 47 36 31 52 INF 72 5 91 57 53 48 64 INF 87 69 71 INF 60 48
2 97 31 100 39 43 28 95 65 38 0 66 19 83 84 31 68 30 INF 16 4 73 19 8 64 INF 96 INF INF 74 INF 37 5 4 58 46 48 88 88 94 45 82 9 INF INF 50 12 48 24 89
53 54 75 81 72 40 INF 44 65 73 66 0 25 81 22 89 21 25 71 54 73 35 4 INF 7 89 90 1 62 76 82 14 24 0 10 26 80 INF 45 95 22 INF 78 54 37 81 47 84 36 56
3 84 INF INF 41 83 24 30 91 0 19 25 0 INF 35 79 93 38 42 55 INF INF 4 49 INF 75 70 47 INF 35 0 50 22 14 8 73 33 INF 16 74 62 44 53 71 6 97 62 64 89 7
0 12 30 78 62 68 4 INF 94 76 83 81 INF 0 34 67 79 61 INF 45 57 50 INF 36 93 94 18 57 INF 69 INF INF 83 20 50 36 43 77 INF 51 50 93 INF INF 8 48 2 2 32 77
82 INF 5 72 71 32 89 INF 23 INF 84 22 35 34 0 33 15 3 89 16 47 INF INF 86 25 INF 89 52 INF 26 41 45 INF 75 17 53 INF 12 96 37 55 INF 68 INF 8 42 INF 90 11 98
58 10 2 41 INF 57 81 50 INF 68 31 89 79 67 33 0 INF 48 29 81 56 0 33 2 51 38 89 61 24 80 29 89 INF INF INF 98 35 10 82 39 64 46 37 33 INF 87 INF 6 33 38
91 88 76 24 89 INF 61 87 95 14 68 21 93 79 15 INF 0 67 INF 88 2 52 43 83 71 45 INF 54 5 70 74 40 21 87 25 INF 44 INF 89 36 93 19 61 19 42 INF 57 75 54 6
82 53 12 18 25 INF 58 52 INF 32 30 25 38 61 3 48 67 0 41 72 91 74 97 79 27 17 34 83 19 90 90 30 INF 15 37 7 55 66 100 38 INF 65 76 42 25 19 26 47 43 26
15 32 1 9 INF 36 75 46 74 40 INF 71 42 INF 89 29 INF 41 0 68 INF 49 39 46 4 20 INF 70 72 29 INF INF 45 46 INF INF 99 82 49 55 INF INF 15 34 47 0 63 75 16 40
78 INF INF 74 11 76 11 INF 60 INF 16 54 55 45 16 81 88 72 68 0 78 2 18 78 18 32 41 18 36 3 22 32 69 75 65 70 16 83 90 INF 18 INF 6 13 66 75 INF 39 56 10
87 81 52 92 51 62 76 13 INF 10 4 73 INF 57 47 56 2 91 INF 78 0 28 21 INF INF 0 87 49 97 99 9 71 49 72 55 74 64 35 66 INF 12 93 51 76 66 0 55 69 21 81
56 68 81 5 INF 85 9 96 34 29 73 35 INF 50 INF 0 52 74 49 2 28 0 65 INF INF 10 85 8 INF 81 INF INF 14 21 20 56 62 2 INF 7 INF 81 25 66 9 73 56 0 43 76
INF 26 76 64 50 90 7 30 85 INF 19 4 4 INF INF 33 43 97 39 18 21 65 0 93 39 INF 80 63 58 INF 86 INF 34 42 22 96 81 1 INF 25 INF 66 52 16 37 30 17 99 INF 42
50 37 22 66 INF 90 INF 59 78 INF 8 INF 49 36 86 2 83 79 46 78 INF INF 93 0 14 75 15 24 49 53 38 90 89 INF INF INF INF 4 31 39 12 3 63 33 75 97 25 INF INF INF
98 39 19 INF 3 40 INF 64 85 63 64 7 INF 93 25 51 71 27 4 18 INF INF 39 14 0 99 99 53 90 8 86 48 89 53 5 INF 73 79 78 69 48 77 6 100 44 INF INF 58 INF 10
8 INF 18 INF 45 45 48 46 36 37 INF 89 75 94 INF 38 45 17 20 32 0 10 INF 75 99 0 30 18 60 33 5 84 76 99 94 73 INF 18 INF 18 INF 57 32 35 INF 82 37 38 7 INF
INF 28 38 31 71 14 81 0 91 34 96 90 70 18 89 89 INF 34 INF 41 87 85 80 15 99 30 0 65 45 35 0 42 14 73 76 57 82 73 45 INF 34 INF INF 60 27 21 INF 24 30 40
INF INF 78 INF 0 22 14 18 88 INF INF 1 47 57 52 61 54 83 70 18 49 8 63 24 53 18 65 0 13 15 75 90 67 31 61 22 30 14 57 92 96 22 69 INF 68 67 97 15 65 32
INF 13 86 30 52 98 65 INF 90 50 INF 62 INF INF INF 24 5 19 72 36 97 INF 58 49 90 60 45 13 0 INF INF INF 72 9 95 5 INF 9 INF INF INF 11 INF 65 91 52 64 23 67 INF
51 19 54 57 33 INF 30 7 27 98 74 76 35 69 26 80 70 90 29 3 99 81 INF 53 8 33 35 15 INF 0 79 5 43 69 16 6 46 30 81 27 51 18 INF INF 23 4 5 INF 30 10
INF 83 34 40 73 8 79 INF 47 15 INF 82 0 INF 41 29 74 90 INF 22 9 INF 86 38 86 5 0 75 INF 79 0 16 79 2 6 15 18 INF INF 3 70 51 INF 88 58 51 93 63 56 83
31 INF 50 65 58 61 65 69 INF 47 37 14 50 INF 45 89 40 30 INF 32 71 INF INF 90 48 84 42 90 INF 5 16 0 52 54 INF 54 93 6 16 4 2 2 65 91 45 INF 84 29 INF 21
23 78 64 34 22 78 63 31 73 36 5 24 22 83 INF INF 21 INF 45 69 49 14 34 89 89 76 14 67 72 43 79 52 0 33 15 41 81 78 INF 76 66 34 45 69 INF 37 INF 55 12 43
4 67 0 65 51 46 92 47 18 31 4 0 14 20 75 INF 87 15 46 75 72 21 42 INF 53 99 73 31 9 69 2 54 33 0 INF 25 24 38 75 92 89 98 46 39 INF 88 97 75 8 26
12 28 INF 49 INF 30 83 91 1 52 58 10 8 50 17 INF 25 37 INF 65 55 20 22 INF 5 94 76 61 95 16 6 INF 15 INF 0 68 50 53 INF 34 INF INF 52 INF 24 69 87 36 INF 78
95 29 INF 41 73 27 INF 25 49 INF 46 26 73 36 53 98 INF 7 INF 70 74 56 96 INF INF 73 57 22 5 6 15 54 41 25 68 0 INF 64 69 INF 100 82 28 39 48 81 37 33 87 44
48 30 47 65 INF 13 69 55 36 72 48 80 33 43 INF 35 44 55 99 16 64 62 81 INF 73 INF 82 30 INF 46 18 93 81 24 50 INF 0 7 50 90 82 76 35 3 15 67 28 78 1 71
18 4 78 INF 86 61 INF INF 48 5 88 INF INF 77 12 10 INF 66 82 83 35 2 1 4 79 18 73 14 9 30 INF 6 78 38 53 64 7 0 40 52 INF 44 22 87 75 INF 33 6 INF 19
67 71 INF 78 INF 35 INF 33 97 91 88 45 16 INF 96 82 89 100 49 90 66 INF INF 31 78 INF 45 57 INF 81 INF 16 INF 75 INF 69 50 40 0 INF 98 67 INF INF 33 47 35 72 74 86
29 20 35 28 19 88 7 38 71 57 94 95 74 51 37 39 36 38 55 INF INF 7 25 39 69 18 INF 92 INF 27 3 4 76 92 34 INF 90 52 INF 0 INF 78 98 48 56 66 98 99 51 33
INF INF INF INF 15 32 75 0 34 53 45 22 62 50 55 64 93 INF INF 18 12 INF INF 12 48 INF 34 96 INF 51 70 2 66 89 INF 100 82 INF 98 INF 0 99 42 38 INF 7 78 60 47 77
66 87 INF INF 52 86 INF 55 95 48 82 INF 44 93 INF 46 19 65 INF INF 93 81 66 3 77 57 INF 22 11 18 51 2 34 98 INF 82 76 44 67 78 99 0 INF 15 39 52 80 67 58 21
71 47 48 12 34 19 3 INF 6 64 9 78 53 INF 68 37 61 76 15 6 51 25 52 63 6 32 INF 69 INF INF INF 65 45 46 52 28 35 22 INF 98 42 INF 0 17 76 8 64 INF INF 73
5 INF 63 INF 67 96 55 70 12 INF INF 54 71 INF INF 33 19 42 34 13 76 66 16 33 100 35 60 INF 65 INF 88 91 69 39 INF 39 3 87 INF 48 38 15 17 0 87 95 94 21 16 32
74 INF 79 INF 27 10 INF 66 90 87 INF 37 6 8 8 INF 42 25 47 66 66 9 37 75 44 INF 27 68 91 23 58 45 INF INF 24 48 15 75 33 56 INF 39 76 87 0 4 96 1 38 76
INF INF 15 1 27 96 INF INF INF 69 50 81 97 48 42 87 INF 19 0 75 0 73 30 97 INF 82 21 67 52 4 51 INF 37 88 69 81 67 INF 47 66 7 52 8 95 4 0 INF 71 INF 26
61 20 74 0 89 69 83 INF 99 71 12 47 62 2 INF INF 57 26 63 INF 55 56 17 25 INF 37 INF 97 64 5 93 84 INF 97 87 37 28 33 35 98 78 80 64 94 96 INF 0 57 78 INF
98 INF 56 80 INF 69 INF 56 51 INF 48 84 64 2 90 6 75 47 75 39 69 0 99 INF 58 38 24 15 23 INF 63 29 55 75 36 33 78 6 72 99 60 67 INF 21 1 71 57 0 INF 94
98 34 INF 49 75 41 90 68 INF 60 24 36 89 32 11 33 54 43 16 56 21 43 INF INF INF 7 30 65 67 30 56 INF 12 8 INF 87 1 INF 74 51 47 58 INF 16 38 INF 78 INF 0 91
47 65 43 13 91 INF 89 9 59 48 89 56 7 77 98 38 6 26 40 10 81 76 42 INF 10 INF 40 32 INF 10 83 21 43 26 78 44 71 19 86 33 77 21 73 32 76 26 INF 94 91 0
