50
0 INF INF 74 41 96 6 69 31 59 43 30 96 77 89 51 99 INF 68 2 33 41 13 27 INF 31 86 88 40 51 54 31 79 77 95 45 65 22 62 92 47 40 INF 96 84 63 30 62 77 12
INF 0 INF 65 32 80 INF 46 9 29 53 0 41 55 67 44 INF 11 95 83 INF 86 INF INF 48 INF 85 88 27 83 68 93 2 78 50 90 97 37 59 INF 4 43 89 15 INF INF 40 80 INF 60
INF INF 0 47 INF 92 INF 25 42 96 98 71 14 INF 0 20 18 25 96 43 INF 36 19 11 32 16 53 1 51 26 60 50 65 84 55 19 59 33 47 94 85 59 94 13 100 59 50 39 29 19
74 65 47 0 INF 73 84 INF INF 94 43 57 INF 10 INF 28 93 59 7 91 12 61 INF 52 36 5 INF 51 100 77 INF 22 98 33 20 23 77 INF 56 65 51 94 38 48 50 INF 66 37 53 0
41 32 INF INF 0 69 84 61 11 13 30 20 32 63 INF 81 INF INF 1 27 50 26 INF 48 58 39 INF 25 55 14 50 58 20 46 35 47 6 81 INF 26 53 14 INF 16 31 55 94 18 34 51
96 80 92 73 69 0 90 64 INF INF INF 50 99 INF 48 INF 24 INF 29 87 28 27 39 84 INF 14 90 INF 35 90 70 51 43 33 28 6 73 22 55 INF 61 20 54 40 INF 81 24 44 98 94
6 INF INF 84 84 90 0 INF 23 85 79 58 57 38 85 25 INF 55 89 18 44 44 INF 81 81 78 14 INF INF 70 43 4 46 1 30 14 18 50 58 10 71 61 84 31 INF INF 9 53 INF 19
69 46 25 INF 61 64 INF 0 89 35 99 94 68 77 96 47 INF 94 18 26 93 73 58 23 67 85 53 59 54 INF 11 29 89 58 5 62 INF 96 39 INF 43 INF 21 2 37 85 67 82 36 95
31 9 42 INF 11 INF 23 89 0 61 INF INF 55 22 89 INF 54 0 INF 26 86 24 59 21 69 11 91 4 21 10 24 37 82 60 53 90 INF 49 37 42 95 23 2 37 63 60 3 76 75 37
59 29 96 94 13 INF 85 35 61 0 82 94 37 39 50 50 66 INF 100 40 11 61 INF 20 45 42 32 25 68 47 88 29 36 82 1 35 29 93 INF INF 83 8 INF 89 INF 79 35 72 INF INF
43 53 98 43 30 INF 79 99 INF 82 0 29 55 11 INF 3 71 52 23 4 INF INF 39 29 60 38 44 45 96 70 INF 28 45 37 63 18 INF 82 INF 20 2 2 35 INF 94 16 75 INF 57 INF
30 0 71 57 20 50 58 94 INF 94 29 0 30 53 71 61 84 62 INF INF 66 3 81 INF 88 18 81 2 INF INF 68 54 5 50 29 91 10 19 58 42 56 40 INF 14 30 34 69 13 73 22
96 41 14 INF 32 99 57 68 55 37 55 30 0 INF 94 67 12 19 90 27 INF 93 94 31 99 45 49 46 28 INF 30 INF 52 22 INF INF 29 INF 69 INF INF 22 24 54 64 38 73 INF 7 55
77 55 INF 10 63 INF 38 77 22 39 11 53 INF 0 15 6 INF INF INF 25 30 1 28 27 INF 76 49 62 1 20 32 74 10 INF 75 55 11 96 93 97 7 32 83 35 6 75 8 INF 37 63
89 67 0 INF INF 48 85 96 89 50 INF 71 94 15 0 77 64 INF 40 57 25 25 INF 57 20 67 39 INF 31 68 20 49 84 39 52 INF 35 70 INF 83 64 1 14 35 60 45 36 INF 72 INF
51 44 20 28 81 INF 25 47 INF 50 3 61 67 6 77 0 46 64 37 11 93 94 39 74 INF 97 INF 81 65 97 9 15 INF 66 1 100 67 1 22 85 21 83 6 69 1 83 83 INF INF 26
99 INF 18 93 INF 24 INF INF 54 66 71 84 12 INF 64 46 0 3 INF 7 77 89 14 INF 83 71 30 91 4 59 8 98 82 90 9 77 66 INF INF 97 36 25 82 92 7 70 48 60 INF 59
INF 11 25 59 INF INF 55 94 0 INF 52 62 19 INF INF 64 3 0 53 32 88 96 37 91 36 7 60 51 100 40 89 INF 36 99 48 80 25 30 INF 67 43 INF 26 INF INF 68 8 6 13 INF
68 95 96 7 1 29 89 18 INF 100 23 INF 90 INF 40 37 INF 53 0 41 97 INF INF INF 81 INF 93 96 75 15 INF 72 33 INF 20 51 42 66 98 68 81 74 94 INF 39 86 87 INF 41 INF
2 83 43 91 27 87 18 26 26 40 4 INF 27 25 57 11 7 32 41 0 8 75 37 0 1 83 INF 49 44 64 INF INF 3 24 90 76 38 9 79 66 45 79 79 16 INF 78 5 56 70 94
33 INF INF 12 50 28 44 93 86 11 INF 66 INF 30 25 93 77 88 97 8 0 52 INF 50 INF 99 67 70 11 41 INF INF 20 76 INF 70 39 13 94 18 99 INF INF 61 90 INF 0 31 INF 82
41 86 36 61 26 27 44 73 24 61 INF 3 93 1 25 94 89 96 INF 75 52 0 55 INF 94 58 55 1 72 36 48 INF 78 99 58 64 60 74 87 48 19 86 85 10 0 78 82 68 14 INF
13 INF 19 INF INF 39 INF 58 59 INF 39 81 94 28 INF 39 14 37 INF 37 INF 55 0 INF 11 69 8 6 30 9 50 37 90 13 46 66 60 43 24 23 13 62 70 81 19 INF 90 INF 95 57
27 INF 11 52 48 84 81 23 21 20 29 INF 31 27 57 74 INF 91 INF 0 50 INF INF 0 59 47 INF 60 33 48 83 INF INF 95 INF 82 57 25 INF INF 59 60 36 72 77 12 100 38 56 86
INF 48 32 36 58 INF 81 67 69 45 60 88 99 INF 20 INF 83 36 81 1 INF 94 11 59 0 21 39 5 5 31 21 50 69 59 96 2 83 33 31 100 50 22 80 28 29 26 5 18 48 9
31 INF 16 5 39 14 78 85 11 42 38 18 45 76 67 97 71 7 INF 83 99 58 69 47 21 0 18 2 44 88 40 77 66 INF 75 26 61 99 INF 11 80 90 29 38 62 82 89 INF 57 14
86 85 53 INF INF 90 14 53 91 32 44 81 49 49 39 INF 30 60 93 INF 67 55 8 INF 39 18 0 30 INF 73 INF 35 79 66 34 INF 60 15 68 60 24 INF 97 INF 40 64 19 54 0 INF
88 88 1 51 25 INF INF 59 4 25 45 2 46 62 INF 81 91 51 96 49 70 1 6 60 5 2 30 0 INF 46 45 33 INF 62 83 39 44 INF 60 79 28 INF 87 INF 53 1 29 94 31 74
40 27 51 100 55 35 INF 54 21 68 96 INF 28 1 31 65 4 100 75 44 11 72 30 33 5 44 INF INF 0 89 71 85 35 INF 47 50 INF 80 67 57 85 84 54 49 36 5 7 74 55 6
51 83 26 77 14 90 70 INF 10 47 70 INF INF 20 68 97 59 40 15 64 41 36 9 48 31 88 73 46 89 0 INF INF INF 76 85 86 42 23 80 27 12 52 INF INF 94 96 24 47 31 9
54 68 60 INF 50 70 43 11 24 88 INF 68 30 32 20 9 8 89 INF INF INF 48 50 83 21 40 INF 45 71 INF 0 99 94 22 15 59 47 33 63 56 2 83 61 9 28 67 INF 81 92 71
31 93 50 22 58 51 4 29 37 29 28 54 INF 74 49 15 98 INF 72 INF INF INF 37 INF 50 77 35 33 85 INF 99 0 100 INF 81 57 INF 50 34 42 52 85 80 34 92 97 INF 90 45 21
79 2 65 98 20 43 46 89 82 36 45 5 52 10 84 INF 82 36 33 3 20 78 90 INF 69 66 79 INF 35 INF 94 100 0 59 INF 88 63 12 86 40 30 39 INF 41 46 95 32 63 27 5
77 78 84 33 46 33 1 58 60 82 37 50 22 INF 39 66 90 99 INF 24 76 99 13 95 59 INF 66 62 INF 76 22 INF 59 0 INF 96 88 97 INF 35 83 48 41 55 24 55 INF 10 36 29
95 50 55 20 35 28 30 5 53 1 63 29 INF 75 52 1 9 48 20 90 INF 58 46 INF 96 75 34 83 47 85 15 81 INF INF 0 9 86 41 98 60 25 27 57 40 89 INF 91 99 86 69
45 90 19 23 47 6 14 62 90 35 18 91 INF 55 INF 100 77 80 51 76 70 64 66 82 2 26 INF 39 50 86 59 57 88 96 9 0 11 83 40 23 33 59 7 3 INF 54 34 INF 15 27
65 97 59 77 6 73 18 INF INF 29 INF 10 29 11 35 67 66 25 42 38 39 60 60 57 83 61 60 44 INF 42 47 INF 63 88 86 11 0 18 57 7 2 INF 89 97 25 5 INF 35 20 91
22 37 33 INF 81 22 50 96 49 93 82 19 INF 96 70 1 INF 30 66 9 13 74 43 25 33 99 15 INF 80 23 33 50 12 97 41 83 18 0 INF 85 35 INF 39 100 57 74 INF 46 83 20
62 59 47 56 INF 55 58 39 37 INF INF 58 69 93 INF 22 INF INF 98 79 94 87 24 INF 31 INF 68 60 67 80 63 34 86 INF 98 40 57 INF 0 INF 26 88 INF 99 70 INF 90 15 94 56
92 INF 94 65 26 INF 10 INF 42 INF 20 42 INF 97 83 85 97 67 68 66 18 48 23 INF 100 11 60 79 57 27 56 42 40 35 60 23 7 85 INF 0 76 99 22 47 INF INF 0 14 91 33
47 4 85 51 53 61 71 43 95 83 2 56 INF 7 64 21 36 43 81 45 99 19 13 59 50 80 24 28 85 12 2 52 30 83 25 33 2 35 26 76 0 99 98 11 INF 83 43 INF 14 INF
40 43 59 94 14 20 61 INF 23 8 2 40 22 32 1 83 25 INF 74 79 INF 86 62 60 22 90 INF INF 84 52 83 85 39 48 27 59 INF INF 88 99 99 0 7 INF INF INF INF INF INF 42
INF 89 94 38 INF 54 84 21 2 INF 35 INF 24 83 14 6 82 26 94 79 INF 85 70 36 80 29 97 87 54 INF 61 80 INF 41 57 7 89 39 INF 22 98 7 0 79 28 72 91 42 26 94
96 15 13 48 16 40 31 2 37 89 INF 14 54 35 35 69 92 INF INF 16 61 10 81 72 28 38 INF INF 49 INF 9 34 41 55 40 3 97 100 99 47 11 INF 79 0 94 60 49 49 93 INF
84 INF 100 50 31 INF INF 37 63 INF 94 30 64 6 60 1 7 INF 39 INF 90 0 19 77 29 62 40 53 36 94 28 92 46 24 89 INF 25 57 70 INF INF INF 28 94 0 23 98 INF 35 14
63 INF 59 INF 55 81 INF 85 60 79 16 34 38 75 45 83 70 68 86 78 INF 78 INF 12 26 82 64 1 5 96 67 97 95 55 INF 54 5 74 INF INF 83 INF 72 60 23 0 71 47 34 76
30 40 50 66 94 24 9 67 3 35 75 69 73 8 36 83 48 8 87 5 0 82 90 100 5 89 19 29 7 24 INF INF 32 INF 91 34 INF INF 90 0 43 INF 91 49 98 71 0 84 74 66
62 80 39 37 18 44 53 82 76 72 INF 13 INF INF INF INF 60 6 INF 56 31 68 INF 38 18 INF 54 94 74 47 81 90 63 10 99 INF 35 46 15 14 INF INF 42 49 INF 47 84 0 93 93
77 INF 29 53 34 98 INF 36 75 INF 57 73 7 37 72 INF INF 13 41 70 INF 14 95 56 48 57 0 31 55 31 92 45 27 36 86 15 20 83 94 91 14 INF 26 93 35 34 74 93 0 68
12 60 19 0 51 94 19 95 37 INF INF 22 55 63 INF 26 59 INF INF 94 82 INF 57 86 9 14 INF 74 6 9 71 21 5 29 69 27 91 20 56 33 INF 42 94 INF 14 76 66 93 68 0
