100
0 78 INF INF 7 INF 52 73 INF 2 INF INF 71 16 26 INF 40 53 76 95 59 63 INF 98 41 32 88 12 INF INF 32 INF 22 62 INF 66 34 63 24 94 INF 38 16 19 70 72 91 94 41 INF 71 41 86 63 INF 31 47 62 81 INF 49 75 1 57 15 84 97 10 24 93 80 0 69 97 90 44 INF 90 INF 57 8 INF INF 57 56 8 44 93 50 INF 2 4 51 37 INF 30 87 INF 75 40
78 0 75 73 INF 33 60 79 INF 5 82 45 87 78 INF 32 82 67 16 99 43 26 13 6 79 15 68 97 47 11 58 INF INF 10 67 54 17 94 41 65 65 28 99 71 5 26 21 INF 50 76 INF 96 INF 46 26 10 2 INF 95 35 91 96 INF 61 69 INF 47 38 39 81 33 17 93 69 25 INF 91 83 INF 74 INF 40 INF 70 INF 69 31 36 35 36 39 36 53 26 40 40 INF 86 INF INF
INF 75 0 1 6 94 95 21 99 96 35 1 68 75 51 INF INF 62 17 97 98 INF 68 89 INF INF INF 44 64 INF 27 60 64 INF 65 74 15 INF 51 INF 12 24 7 44 53 57 26 1 73 68 6 68 INF 57 INF 96 26 79 INF 46 75 INF 61 75 INF 93 INF INF 77 82 34 56 67 48 INF INF INF 4 96 INF 2 94 79 59 66 4 30 38 INF 24 INF 22 94 72 INF 62 60 84 INF 93
INF 73 1 0 80 INF 56 31 INF 79 40 19 23 1 52 24 INF 86 63 37 28 INF 67 INF 94 51 68 60 62 91 88 INF INF 10 INF INF 32 12 10 1 19 39 27 90 INF 98 28 INF 30 48 5 INF INF 70 18 INF 49 54 49 36 27 99 75 INF 89 61 86 97 70 90 56 INF 54 93 35 INF 64 INF 99 15 50 97 66 INF 59 44 75 66 15 INF 89 91 23 29 61 79 96 67 INF 16
7 INF 6 80 0 INF 45 INF 60 13 54 85 62 20 18 98 INF 92 0 INF INF 71 1 INF INF 25 37 63 99 66 70 20 2 33 17 50 INF 3 INF 89 87 62 55 78 INF 56 6 13 INF INF 15 2 19 57 INF 36 75 INF 2 58 INF 49 43 9 INF INF 1 INF 13 39 INF 89 98 78 INF 27 INF 18 7 INF 16 51 94 64 63 95 1 10 9 66 9 65 INF 94 77 38 11 INF INF 98
INF 33 94 INF INF 0 96 INF 64 53 88 30 20 56 75 96 INF 58 91 76 49 31 INF 42 18 INF 45 47 55 41 25 INF 55 59 42 5 55 44 INF 61 42 78 INF 12 INF 81 91 58 11 89 76 1 INF INF 99 34 35 INF 6 INF 60 52 INF 91 48 17 36 63 INF INF 3 INF 55 INF 69 12 49 37 7 66 INF 82 42 71 83 10 INF 97 63 65 8 64 INF 29 35 83 45 87 87 INF
52 60 95 56 45 96 0 97 84 INF 9 55 20 70 INF 78 83 INF 81 35 24 14 27 INF 12 INF 74 62 INF 32 88 80 24 30 INF 98 21 90 74 34 INF 44 22 65 73 75 67 61 36 5 43 76 51 23 65 25 64 INF 13 53 INF 78 13 90 47 24 76 88 68 INF 28 95 80 INF 1 83 63 65 INF 81 9 76 INF 1 51 93 41 79 8 63 19 18 46 14 6 32 INF 50 46 16
73 79 21 31 INF INF 97 0 9 37 9 INF 54 INF 10 75 74 44 INF 72 27 88 11 5 100 83 93 11 48 52 21 INF 19 52 35 INF 61 86 79 55 INF 98 24 88 85 INF 53 2 INF 71 31 57 INF 94 30 41 2 INF 34 39 82 81 INF 96 78 34 79 95 73 60 36 76 51 INF INF INF 14 22 97 20 INF 40 39 79 54 99 79 49 18 11 38 11 35 INF 14 84 35 INF 13 INF
INF INF 99 INF 60 64 84 9 0 85 51 21 34 51 49 5 5 63 45 69 5 91 INF 57 31 26 3 80 29 62 INF 51 24 30 INF 56 INF INF 46 67 95 INF INF 73 42 27 69 0 99 INF INF INF INF INF 92 93 9 4 22 22 INF 32 85 89 53 53 57 24 83 98 80 15 66 58 14 INF INF 52 2 62 23 34 99 77 59 20 48 100 0 14 13 54 64 45 89 9 69 INF 1 63
2 5 96 79 13 53 INF 37 85 0 60 34 39 34 11 67 28 97 71 72 13 70 64 90 41 96 6 8 73 27 71 64 INF 73 2 2 98 77 INF 80 11 INF 66 37 37 INF INF 76 INF 25 INF INF 55 63 INF 4 69 97 INF 66 90 29 98 INF 82 64 0 51 17 77 5 66 48 INF INF INF 28 14 44 75 50 80 63 76 INF 70 80 25 61 88 26 97 57 34 INF 52 71 10 51 53
INF 82 35 40 54 88 9 9 51 60 0 45 15 INF 68 INF 66 52 INF 34 INF 86 99 93 97 17 INF 76 29 INF INF 65 2 INF INF 76 51 37 93 90 61 24 85 24 42 70 57 INF 71 92 5 40 75 59 23 85 47 56 7 50 42 33 INF 27 63 8 56 22 7 69 59 47 52 31 31 17 INF 90 43 16 INF 4 59 41 64 74 INF 97 55 INF 38 7 87 85 65 62 80 83 72 53
INF 45 1 19 85 30 55 INF 21 34 45 0 9 58 INF 73 92 INF INF 38 23 INF 88 47 61 86 51 14 56 72 20 37 9 11 60 21 9 79 INF 97 63 21 8 10 36 80 54 INF 22 INF 46 75 100 INF 9 1 INF 88 INF 16 18 48 22 82 93 60 58 50 64 73 INF 24 INF 16 64 0 39 11 42 69 94 4 14 69 48 30 5 57 87 53 31 12 INF 75 26 23 41 3 30 74
71 87 68 23 62 20 20 54 34 39 15 9 0 INF 63 37 INF 6 INF 23 49 85 27 INF 82 94 57 3 61 70 40 INF 14 34 50 71 96 60 99 32 89 60 5 24 65 INF INF INF 19 26 43 5 INF 95 24 6 54 23 16 7 59 31 45 INF 59 92 18 INF 62 45 62 50 77 INF INF 53 74 73 10 38 3 INF 30 59 55 INF 59 51 INF 31 28 86 INF 45 29 87 92 17 82 36
16 78 75 1 20 56 70 INF 51 34 INF 58 INF 0 66 33 97 60 11 14 28 INF 31 INF INF 48 69 16 34 91 3 40 INF 86 68 8 2 0 77 47 87 10 46 85 90 29 45 46 INF 14 63 9 25 INF 58 INF 96 20 INF 18 18 25 61 86 66 62 78 40 INF INF INF 24 84 28 40 2 53 79 25 25 78 83 16 97 47 91 82 INF 14 INF INF 29 87 27 INF 56 INF 76 52 41
26 INF 51 52 18 75 INF 10 49 11 68 INF 63 66 0 58 46 INF 41 36 87 INF 95 65 68 INF 60 INF 4 61 INF INF INF INF 90 94 INF 20 76 68 53 40 8 18 57 89 26 INF INF 59 INF 53 45 46 INF 17 38 28 71 66 80 100 78 84 3 INF INF 2 INF INF 93 53 55 13 18 35 19 55 INF 8 5 74 5 68 62 85 INF 26 INF 94 12 55 92 95 INF INF 85 43 21 INF
INF 32 INF 24 98 96 78 75 5 67 INF 73 37 33 58 0 INF 2 74 64 42 10 36 95 84 48 INF 10 1 9 96 27 81 91 93 INF 8 14 69 INF 79 57 INF 54 INF 45 INF 90 79 68 39 84 58 INF 81 INF INF 50 63 48 34 INF 21 72 55 30 INF 84 91 95 14 52 93 19 10 53 27 86 4 37 54 73 53 41 70 10 44 14 4 24 55 14 57 73 69 88 24 82 63 64
40 82 INF INF INF INF 83 74 5 28 66 92 INF 97 46 INF 0 INF 79 42 70 90 65 INF 60 26 29 75 9 26 23 7 33 25 73 70 51 77 INF 41 54 54 1 50 23 79 64 INF INF 49 63 69 INF 86 3 40 58 50 14 7 73 50 23 20 27 81 42 83 0 INF 86 82 23 INF 17 INF 99 INF 61 37 INF 75 66 12 1 71 INF 78 INF 94 INF 84 3 68 64 86 INF INF 25 47
53 67 62 86 92 58 INF 44 63 97 52 INF 6 60 INF 2 INF 0 92 34 94 52 INF INF 74 36 31 82 80 43 INF 87 49 66 41 52 INF 15 41 4 37 INF 23 17 INF 54 23 INF 70 25 55 69 33 97 INF 73 20 42 83 21 62 22 32 71 36 50 27 87 86 40 78 63 30 57 INF INF 25 9 15 39 94 64 15 76 90 41 51 43 33 8 INF INF INF INF 88 23 48 60 32 59
76 16 17 63 0 91 81 INF 45 71 INF INF INF 11 41 74 79 92 0 79 87 81 INF 37 92 INF 43 87 5 42 71 40 96 74 8 13 0 87 1 70 81 INF 73 INF 85 44 41 79 68 75 27 32 97 35 INF 17 68 23 20 INF 38 48 49 INF 15 INF 100 11 28 96 1 62 41 56 INF 99 90 69 90 53 INF INF INF 76 18 31 56 25 INF 69 55 INF INF 29 40 92 INF 75 19 95
95 99 97 37 INF 76 35 72 69 72 34 38 23 14 36 64 42 34 79 0 43 58 15 77 26 88 35 44 5 2 INF 7 71 40 76 20 60 INF INF 65 61 67 80 10 76 12 95 27 9 INF 16 67 73 64 INF 39 51 76 61 INF INF 6 7 87 42 36 93 75 INF 79 47 46 0 72 75 55 84 9 INF 95 8 73 78 82 73 11 56 100 35 88 52 81 INF 23 INF 46 81 53 68 44
59 43 98 28 INF 49 24 27 5 13 INF 23 49 28 87 42 70 94 87 43 0 86 97 63 87 92 89 84 82 54 48 96 72 100 38 62 97 94 INF 79 20 INF 16 64 84 INF 33 69 96 INF 88 61 91 71 INF 80 7 53 INF INF 10 INF INF 2 INF 47 INF 67 3 99 78 44 50 INF INF 2 67 32 88 INF INF 34 85 13 6 56 INF 85 36 54 87 35 71 87 37 24 INF 86 INF 42
63 26 INF INF 71 31 14 88 91 70 86 INF 85 INF INF 10 90 52 81 58 86 0 0 36 INF 75 28 56 36 INF 93 29 14 84 81 80 12 9 24 70 10 58 64 99 7 53 0 23 INF 33 63 9 INF 11 32 18 INF 61 64 21 25 61 54 INF 53 21 73 8 INF 5 83 28 43 16 INF 33 40 INF 63 30 51 19 57 88 91 51 69 36 66 74 INF INF 4 50 INF 32 68 98 INF 41
INF 13 68 67 1 INF 27 11 INF 64 99 88 27 31 95 36 65 INF INF 15 97 0 0 71 100 31 22 57 29 INF 24 0 88 90 86 INF 71 74 INF 35 INF INF 24 30 18 67 51 4 27 87 49 INF 42 64 INF 86 25 INF INF 31 67 35 28 78 INF 34 41 INF INF 59 INF 40 46 35 24 INF 88 1 INF INF INF 92 INF 85 72 62 29 62 43 97 26 79 INF 33 46 98 INF 34 82 31
98 6 89 INF INF 42 INF 5 57 90 93 47 INF INF 65 95 INF INF 37 77 63 36 71 0 98 96 INF 43 91 84 INF INF INF 94 INF 78 16 79 INF 19 23 27 12 INF INF 38 74 8 INF 79 56 47 INF 84 50 77 21 INF 34 51 72 2 INF 46 48 86 96 22 93 63 46 85 62 1 6 89 58 69 42 46 11 INF 99 INF INF 45 51 22 5 71 71 97 11 97 40 98 INF INF 89 20
41 79 INF 94 INF 18 12 100 31 41 97 61 82 INF 68 84 60 74 92 26 87 INF 100 98 0 INF 70 INF INF 33 86 INF 93 97 39 91 85 45 INF INF 98 INF INF 47 37 45 27 50 21 INF 40 21 65 INF 24 53 79 54 85 63 INF 72 71 48 47 INF INF 32 36 18 100 7 47 INF INF 6 91 INF 72 41 43 12 49 44 64 98 100 INF 95 76 INF INF 19 68 INF 72 95 17 INF 37
32 15 INF 51 25 INF INF 83 26 96 17 86 94 48 INF 48 26 36 INF 88 92 75 31 96 INF 0 INF 48 79 INF 36 0 26 INF 57 INF 45 27 77 INF INF 0 INF 36 INF 52 95 75 INF 4 INF 76 91 INF 40 19 9 94 INF 9 1 59 95 52 INF 80 INF INF INF 23 71 37 76 INF 41 31 85 INF 27 47 30 INF 6 74 79 93 INF INF 52 31 4 INF 9 45 83 INF 61 INF INF INF
88 68 INF 68 37 45 74 93 3 6 INF 51 57 69 60 INF 29 31 43 35 89 28 22 INF 70 INF 0 100 77 17 INF 37 69 99 79 53 58 30 75 57 INF INF 38 28 INF INF 43 8 49 14 89 3 93 77 68 91 77 INF 78 2 83 89 20 50 42 33 98 INF 68 15 INF 61 100 47 81 INF 97 83 45 10 72 59 28 64 42 INF INF INF 75 79 13 47 77 58 10 INF 36 87 INF 75
12 97 44 60 63 47 62 11 80 8 76 14 3 16 INF 10 75 82 87 44 84 56 57 43 INF 48 100 0 77 INF 97 INF INF 65 6 3 INF 20 88 INF 42 43 20 84 1 59 INF INF 33 12 57 96 85 26 6 33 66 66 1 0 14 96 83 46 67 INF INF 42 64 9 27 58 82 92 84 66 16 INF 90 69 76 94 INF INF INF 34 54 INF INF 70 83 67 36 61 20 56 48 INF 0 58
INF 47 64 62 99 55 INF 48 29 73 29 56 61 34 4 1 9 80 5 5 82 36 29 91 INF 79 77 77 0 83 100 100 19 28 INF INF 55 59 71 0 83 91 8 INF 1 INF INF INF INF 1 82 70 54 41 21 21 87 86 82 88 52 55 80 67 75 78 49 INF 54 61 INF 58 INF 28 68 90 32 3 73 INF 11 40 74 50 4 22 INF 3 88 50 INF INF 1 INF INF 25 81 INF 84 42
INF 11 INF 91 66 41 32 52 62 27 INF 72 70 91 61 9 26 43 42 2 54 INF INF 84 33 INF 17 INF 83 0 72 37 7 61 14 INF 59 INF 1 INF 37 92 20 34 94 86 57 15 36 36 30 70 76 90 15 50 12 26 40 4 91 14 INF 44 69 12 INF 75 5 INF 81 INF 72 25 99 INF 88 13 0 16 47 51 81 72 71 85 INF 93 57 99 59 49 49 53 65 6 INF 81 56 12
32 58 27 88 70 25 88 21 INF 71 INF 20 40 3 INF 96 23 INF 71 INF 48 93 24 INF 86 36 INF 97 100 72 0 38 14 48 87 70 95 17 50 89 92 8 71 47 48 76 8 75 11 12 77 INF 48 79 12 31 83 66 8 INF 34 39 16 92 19 1 88 63 7 58 62 20 52 99 INF 59 31 85 95 11 5 INF 6 41 INF 0 0 77 35 INF 94 92 22 26 65 76 85 58 70 59
INF INF 60 INF 20 INF 80 INF 51 64 65 37 INF 40 INF 27 7 87 40 7 96 29 0 INF INF 0 37 INF 100 37 38 0 78 75 INF 66 75 84 37 37 91 INF 43 93 41 79 63 42 INF 59 INF 2 26 INF 38 13 41 46 56 90 88 INF 13 59 3 29 10 55 INF INF INF INF 74 2 9 INF 14 INF 59 93 INF 98 56 38 100 35 INF 89 54 59 INF INF INF 23 4 14 17 INF 63 INF
22 INF 64 INF 2 55 24 19 24 INF 2 9 14 INF INF 81 33 49 96 71 72 14 88 INF 93 26 69 INF 19 7 14 78 0 37 93 16 63 29 9 54 60 45 INF 7 7 38 32 24 88 31 66 6 0 50 INF 44 74 48 30 75 29 INF 40 INF 26 73 8 67 23 INF 18 INF INF 54 12 12 64 INF 67 65 69 INF 2 3 INF 94 44 INF 52 100 47 74 88 73 15 74 99 INF 45 70
62 10 INF 10 33 59 30 52 30 73 INF 11 34 86 INF 91 25 66 74 40 100 84 90 94 97 INF 99 65 28 61 48 75 37 0 INF INF 69 INF 75 46 INF 20 6 84 80 28 86 31 16 50 28 INF 7 38 64 INF 82 64 40 59 93 63 38 36 70 26 23 89 83 45 54 58 0 22 54 74 66 58 INF INF INF 57 12 59 24 45 54 15 65 69 59 52 95 11 INF 18 77 INF 87 0
INF 67 65 INF 17 42 INF 35 INF 2 INF 60 50 68 90 93 73 41 8 76 38 81 86 INF 39 57 79 6 INF 14 87 INF 93 INF 0 86 7 74 15 11 1 94 5 42 31 59 70 4 72 66 INF 97 81 INF 82 72 68 52 19 34 INF 96 95 91 83 5 19 INF 92 48 88 13 54 39 57 89 23 86 INF 29 22 1 91 21 77 57 100 56 14 82 INF INF 23 39 84 54 60 41 24 57
66 54 74 INF 50 5 98 INF 56 2 76 21 71 8 94 INF 70 52 13 20 62 80 INF 78 91 INF 53 3 INF INF 70 66 16 INF 86 0 INF 12 41 0 INF 31 52 38 50 82 19 75 39 86 4 29 75 INF 16 INF INF INF 87 22 INF 10 18 71 22 73 96 INF 93 46 INF 24 60 98 2 INF 12 39 8 INF 16 INF 90 INF 26 20 42 0 30 85 97 72 INF INF 66 INF 28 10 42 INF
34 17 15 32 INF 55 21 61 INF 98 51 9 96 2 INF 8 51 INF 0 60 97 12 71 16 85 45 58 INF 55 59 95 75 63 69 7 INF 0 INF 8 55 66 INF INF 79 INF 45 94 INF 48 75 63 52 INF 7 97 1 91 98 INF 33 34 53 16 66 3 INF INF 86 INF 49 62 15 INF 55 3 41 68 INF 97 57 50 92 INF 84 2 3 77 57 INF INF 57 19 48 92 70 97 61 4 43 49
63 94 INF 12 3 44 90 86 INF 77 37 79 60 0 20 14 77 15 87 INF 94 9 74 79 45 27 30 20 59 INF 17 84 29 INF 74 12 INF 0 48 63 78 80 INF 28 79 INF 86 95 14 23 67 65 84 71 6 33 25 INF 7 15 54 1 83 44 34 28 44 INF 12 53 32 16 0 67 26 INF 78 95 20 56 28 78 76 INF 23 70 35 61 78 34 INF 94 INF 29 55 33 65 INF INF 60
24 41 51 10 INF INF 74 79 46 INF 93 INF 99 77 76 69 INF 41 1 INF INF 24 INF INF INF 77 75 88 71 1 50 37 9 75 15 41 8 48 0 54 17 86 42 48 72 48 96 78 INF INF 33 51 80 INF 31 5 INF 38 22 INF 13 33 87 11 INF 91 INF INF 58 INF 92 84 57 27 23 INF 48 100 55 21 INF 100 73 INF 46 20 29 28 78 63 80 11 INF 48 5 INF INF 73 90 73
94 65 INF 1 89 61 34 55 67 80 90 97 32 47 68 INF 41 4 70 65 79 70 35 19 INF INF 57 INF 0 INF 89 37 54 46 11 0 55 63 54 0 INF 95 63 36 58 29 33 56 94 73 INF 32 INF 97 44 96 11 31 94 89 0 43 62 57 10 89 INF 97 93 INF 21 72 38 INF 43 63 INF 17 65 77 37 27 94 79 INF 45 1 88 27 45 85 64 14 36 INF 8 26 59 INF 40
INF 65 12 19 87 42 INF INF 95 11 61 63 89 87 53 79 54 37 81 61 20 10 INF 23 98 INF INF 42 83 37 92 91 60 INF 1 INF 66 78 17 INF 0 57 10 INF 40 37 26 INF INF 62 79 INF 74 72 INF 42 78 86 INF 44 4 52 62 41 29 62 64 57 11 INF 70 54 15 INF 63 66 50 INF 93 15 49 5 91 65 85 67 62 82 41 INF 79 9 INF INF 91 44 59 60 INF 26
38 28 24 39 62 78 44 98 INF INF 24 21 60 10 40 57 54 INF INF 67 INF 58 INF 27 INF 0 INF 43 91 92 8 INF 45 20 94 31 INF 80 86 95 57 0 INF 24 10 96 96 INF 80 75 6 28 94 84 40 8 18 33 0 56 INF 77 16 37 39 INF INF 17 INF 71 64 24 18 45 19 39 67 INF 61 47 INF 31 7 94 42 18 INF 56 79 40 11 88 10 65 44 INF INF 21 12 44
16 99 7 27 55 INF 22 24 INF 66 85 8 5 46 8 INF 1 23 73 80 16 64 24 12 INF INF 38 20 8 20 71 43 INF 6 5 52 INF INF 42 63 10 INF 0 28 69 4 INF 40 INF 84 INF 2 100 44 63 86 17 91 87 INF INF INF 72 INF 81 99 8 98 55 67 77 INF 15 17 61 INF 11 87 71 43 35 38 93 INF 38 INF 79 70 INF 0 45 95 88 85 INF 9 75 76 INF INF
19 71 44 90 78 12 65 88 73 37 24 10 24 85 18 54 50 17 INF 10 64 99 30 INF 47 36 28 84 INF 34 47 93 7 84 42 38 79 28 48 36 INF 24 28 0 35 89 65 51 77 79 83 INF INF 39 INF 52 INF INF 6 49 INF 52 85 27 12 INF INF 88 97 INF INF 65 60 INF 23 54 29 42 67 78 80 96 94 52 INF 2 34 19 12 17 INF 30 INF 74 11 INF 54 INF 43 INF
70 5 53 INF INF INF 73 85 42 37 42 36 65 90 57 INF 23 INF 85 76 84 7 18 INF 37 INF INF 1 1 94 48 41 7 80 31 50 INF 79 72 58 40 10 69 35 0 48 61 35 19 73 INF INF INF 24 INF 57 67 69 INF 40 34 69 39 82 77 8 82 INF 64 56 94 20 92 30 INF INF 12 6 86 42 96 INF 89 INF 97 59 INF 18 76 20 46 INF 56 96 91 22 11 INF INF 53
72 26 57 98 56 81 75 INF 27 INF 70 80 INF 29 89 45 79 54 44 12 INF 53 67 38 45 52 INF 59 INF 86 76 79 38 28 59 82 45 INF 48 29 37 96 4 89 48 0 58 INF 56 55 49 67 INF 23 94 0 46 20 INF 50 46 24 71 3 INF 69 12 20 68 75 INF 76 INF 85 INF 96 INF INF 23 INF 79 87 45 76 79 71 52 13 53 1 60 6 INF INF 78 82 31 64 95 92
91 21 26 28 6 91 67 53 69 INF 57 54 INF 45 26 INF 64 23 41 95 33 0 51 74 27 95 43 INF INF 57 8 63 32 86 70 19 94 86 96 33 26 96 INF 65 61 58 0 34 90 63 72 18 32 90 48 74 INF INF 45 60 9 INF 99 47 38 INF 13 INF 15 57 78 INF 34 66 56 38 98 INF 61 62 79 32 100 INF 49 31 20 41 9 55 INF 85 92 0 71 INF 22 INF 8 INF
94 INF 1 INF 13 58 61 2 0 76 INF INF INF 46 INF 90 INF INF 79 27 69 23 4 8 50 75 8 INF INF 15 75 42 24 31 4 75 INF 95 78 56 INF INF 40 51 35 INF 34 0 INF INF 71 76 59 95 INF 95 INF 61 20 1 94 65 2 72 60 79 86 11 40 63 65 INF 14 13 61 2 58 2 87 28 65 INF 86 0 INF 16 INF 25 43 82 77 41 INF INF 69 29 INF 28 82 22
41 50 73 30 INF 11 36 INF 99 INF 71 22 19 INF INF 79 INF 70 68 9 96 INF 27 INF 21 INF 49 33 INF 36 11 INF 88 16 72 39 48 14 INF 94 INF 80 INF 77 19 56 90 INF 0 93 47 59 INF 26 26 INF 91 24 47 83 67 51 57 37 1 INF INF 39 83 66 47 37 100 45 25 49 44 3 INF 17 44 99 93 INF 85 9 58 25 INF INF 48 12 79 14 30 INF INF 63 38 39
INF 76 68 48 INF 89 5 71 INF 25 92 INF 26 14 59 68 49 25 75 INF INF 33 87 79 INF 4 14 12 1 36 12 59 31 50 66 86 75 23 INF 73 62 75 84 79 73 55 63 INF 93 0 35 24 57 27 33 92 15 83 19 INF 87 6 29 INF 78 74 26 100 60 INF 77 81 20 INF 72 INF 63 66 24 33 INF 8 12 INF 3 93 95 29 21 INF 80 69 29 24 51 9 77 INF INF INF
71 INF 6 5 15 76 43 31 INF INF 5 46 43 63 INF 39 63 55 27 16 88 63 49 56 40 INF 89 57 82 30 77 INF 66 28 INF 4 63 67 33 INF 79 6 INF 83 INF 49 72 71 47 35 0 1 INF 19 70 INF 92 75 26 100 31 58 100 15 2 62 19 INF 62 48 68 96 31 47 14 16 16 INF 46 53 36 INF 42 INF 94 31 28 INF 39 INF 42 INF 56 27 100 49 24 INF INF INF
41 96 68 INF 2 1 76 57 INF INF 40 75 5 9 53 84 69 69 32 67 61 9 INF 47 21 76 3 96 70 70 INF 2 6 INF 97 29 52 65 51 32 INF 28 2 INF INF 67 18 76 59 24 1 0 0 37 INF INF 50 INF 76 92 INF 46 24 78 71 48 64 40 12 50 9 19 16 49 24 92 68 89 INF INF INF INF 48 86 INF 51 27 12 INF 71 INF 47 INF 12 INF 87 87 92 83 37
86 INF INF INF 19 INF 51 INF INF 55 75 100 INF 25 45 58 INF 33 97 73 91 INF 42 INF 65 91 93 85 54 76 48 26 0 7 81 75 INF 84 80 INF 74 94 100 INF INF INF 32 59 INF 57 INF 0 0 13 INF 78 INF 39 53 70 8 25 INF 68 4 11 21 18 69 54 8 5 10 90 INF 30 INF 65 INF 46 32 71 68 71 69 INF INF 39 97 7 11 83 32 39 90 11 INF 81 INF 95
63 46 57 70 57 INF 23 94 INF 63 59 INF 95 INF 46 INF 86 97 35 64 71 11 64 84 INF INF 77 26 41 90 79 INF 50 38 INF INF 7 71 INF 97 72 84 44 39 24 23 90 95 26 27 19 37 13 0 18 74 25 INF 73 82 65 89 68 INF 30 3 10 97 94 INF 47 44 62 17 30 0 21 22 INF 64 24 71 34 60 INF 63 53 INF INF 21 89 85 77 71 99 39 INF 97 21 77
INF 26 INF 18 INF 99 65 30 92 INF 23 9 24 58 INF 81 3 INF INF INF INF 32 INF 50 24 40 68 6 21 15 12 38 INF 64 82 16 97 6 31 44 INF 40 63 INF INF 94 48 INF 26 33 70 INF INF 18 0 15 INF 60 41 91 40 61 20 INF INF 74 INF 46 76 65 40 53 63 1 14 90 39 21 91 25 36 63 45 35 INF 64 46 INF 63 33 73 INF 37 31 33 25 29 48 INF 27
31 10 96 INF 36 34 25 41 93 4 85 1 6 INF 17 INF 40 73 17 39 80 18 86 77 53 19 91 33 21 50 31 13 44 INF 72 INF 1 33 5 96 42 8 86 52 57 0 74 95 INF 92 INF INF 78 74 15 0 70 76 25 8 26 69 27 82 79 INF 76 INF 53 45 93 INF 19 INF 38 30 69 26 8 26 48 82 45 14 INF INF 80 64 33 81 11 10 26 67 49 INF 40 48 INF 21
47 2 26 49 75 35 64 2 9 69 47 INF 54 96 38 INF 58 20 68 51 7 INF 25 21 79 9 77 66 87 12 83 41 74 82 68 INF 91 25 INF 11 78 18 17 INF 67 46 INF INF 91 15 92 50 INF 25 INF 70 0 85 INF INF 26 86 2 85 INF 69 32 72 90 INF 13 16 73 INF 33 60 7 24 32 51 36 46 INF INF 38 INF 22 28 92 19 INF INF 18 79 62 87 7 INF 84 99
62 INF 79 54 INF INF INF INF 4 97 56 88 23 20 28 50 50 42 23 76 53 61 INF INF 54 94 INF 66 86 26 66 46 48 64 52 INF 98 INF 38 31 86 33 91 INF 69 20 INF 61 24 83 75 INF 39 INF 60 76 85 0 INF 16 78 75 97 64 INF INF 46 92 INF 49 31 INF INF 63 7 52 9 86 91 81 5 73 14 90 16 42 62 93 INF 68 16 29 45 INF 23 10 46 78 33 75
81 95 INF 49 2 6 13 34 22 INF 7 INF 16 INF 71 63 14 83 20 61 INF 64 INF 34 85 INF 78 1 82 40 8 56 30 40 19 87 INF 7 22 94 INF 0 87 6 INF INF 45 20 47 19 26 76 53 73 41 25 INF INF 0 12 61 85 58 20 2 91 99 INF 30 47 85 78 59 47 27 85 11 11 INF 98 44 18 46 51 INF INF 79 13 INF 27 0 INF 44 23 0 57 42 5 44 74
INF 35 46 36 58 INF 53 39 22 66 50 16 7 18 66 48 7 21 INF INF INF 21 31 51 63 9 2 0 88 4 INF 90 75 59 34 22 33 15 INF 89 44 56 INF 49 40 50 60 1 83 INF 100 92 70 82 91 8 INF 16 12 0 INF 79 59 12 64 38 INF INF 33 INF 17 INF 7 32 63 9 65 INF 92 76 65 INF INF 20 83 86 42 39 INF 20 79 40 88 INF 71 5 12 53 82 12
49 91 75 27 INF 60 INF 82 INF 90 42 18 59 18 80 34 73 62 38 INF 10 25 67 72 INF 1 83 14 52 91 34 88 29 93 INF INF 34 54 13 0 4 INF INF INF 34 46 9 94 67 87 31 INF 8 65 40 26 26 78 61 INF 0 INF 55 20 27 27 52 63 86 74 INF 11 81 29 INF INF 71 36 INF INF INF 46 79 INF 25 5 INF 82 INF 84 97 4 90 76 49 1 INF 84 69 69
75 96 INF 99 49 52 78 81 32 29 33 48 31 25 100 INF 50 22 48 6 INF 61 35 2 72 59 89 96 55 14 39 INF INF 63 96 10 53 1 33 43 52 77 INF 52 69 24 INF 65 51 6 58 46 25 89 61 69 86 75 85 79 INF 0 INF 22 INF 85 79 51 29 89 79 33 42 80 INF INF INF 83 45 48 INF 5 50 47 51 48 19 89 91 11 INF INF INF 65 61 75 18 INF INF 41
1 INF 61 75 43 INF 13 INF 85 98 INF 22 45 61 78 21 23 32 49 7 INF 54 28 INF 71 95 20 83 80 INF 16 13 40 38 95 18 16 83 87 62 62 16 72 85 39 71 99 2 57 29 100 24 INF 68 20 27 2 97 58 59 55 INF 0 67 4 58 14 23 53 10 66 26 41 INF 13 24 16 12 INF 76 7 11 81 INF 100 77 INF 5 48 INF INF 80 48 9 77 INF 74 33 INF 23
57 61 75 INF 9 91 90 96 89 INF 27 82 INF 86 84 72 20 71 INF 87 2 INF 78 46 48 52 50 46 67 44 92 59 INF 36 91 71 66 44 11 57 41 37 INF 27 82 3 47 72 37 INF 15 78 68 INF INF 82 85 64 20 12 20 22 67 0 69 70 83 47 23 7 78 INF 97 66 87 79 40 1 46 INF INF INF 20 85 76 26 54 INF 56 88 68 81 6 61 INF INF INF 52 13 INF
15 69 INF 89 INF 48 47 78 53 82 63 93 59 66 3 55 27 36 15 42 INF 53 INF 48 47 INF 42 67 75 69 19 3 26 70 83 22 3 34 INF 10 29 39 81 12 77 INF 38 60 1 78 2 71 4 30 INF 79 INF INF 2 64 27 INF 4 69 0 94 21 INF 39 INF 38 43 9 93 92 85 30 36 INF 13 63 9 48 40 18 59 36 27 47 4 63 43 46 90 14 14 1 88 67 90
84 INF 93 61 INF 17 24 34 53 64 8 60 92 62 INF 30 81 50 INF 36 47 21 34 86 INF 80 33 INF 78 12 1 29 73 26 5 73 INF 28 91 89 62 INF 99 INF 8 69 INF 79 INF 74 62 48 11 3 74 INF 69 INF 91 38 27 85 58 70 94 0 3 INF 9 95 83 9 73 40 INF INF 80 11 76 25 100 19 87 82 84 91 94 38 64 43 11 INF 53 70 6 79 INF 44 41 51
97 47 INF 86 1 36 76 79 57 0 56 58 18 78 INF INF 42 27 100 93 INF 73 41 96 INF INF 98 INF 49 INF 88 10 8 23 19 96 INF 44 INF INF 64 INF 8 INF 82 12 13 86 INF 26 19 64 21 10 INF 76 32 46 99 INF 52 79 14 83 21 3 0 1 INF INF 90 INF 39 93 25 13 94 INF 64 80 INF INF 45 90 66 99 95 100 3 77 INF 72 41 51 67 INF 47 8 62 3
10 38 INF 97 INF 63 88 95 24 51 22 50 INF 40 2 84 83 87 11 75 67 8 INF 22 32 INF INF 42 INF 75 63 55 67 89 INF INF 86 INF INF 97 57 17 98 88 INF 20 INF 11 39 100 INF 40 18 97 46 INF 72 92 INF INF 63 51 23 47 INF INF 1 0 34 11 39 INF INF 88 INF 89 96 20 100 17 82 INF 84 24 INF 94 6 11 28 INF 56 18 INF INF INF 8 47 84 93 91
24 39 77 70 13 INF 68 73 83 17 7 64 62 INF INF 91 0 86 28 INF 3 INF INF 93 36 INF 68 64 54 5 7 INF 23 83 92 93 INF 12 58 93 11 INF 55 97 64 68 15 40 83 60 62 12 69 94 76 53 90 INF 30 33 86 29 53 23 39 9 INF 34 0 32 78 7 100 60 2 INF 22 28 18 INF 51 67 44 INF 96 77 18 INF 55 53 42 63 87 42 61 24 70 70 76 7
93 81 82 90 39 INF INF 60 98 77 69 73 45 INF INF 95 INF 40 96 79 99 5 59 63 18 23 15 9 61 INF 58 INF INF 45 48 46 49 53 INF INF INF 71 67 INF 56 75 57 63 66 INF 48 50 54 INF 65 45 INF 49 47 INF 74 89 10 7 INF 95 INF 11 32 0 33 5 49 96 20 85 INF 45 53 12 57 19 80 80 34 INF 34 61 75 40 27 30 57 INF 56 66 53 63 28 25
80 33 34 56 INF 3 28 36 80 5 59 INF 62 INF 93 14 86 78 1 47 78 83 INF 46 100 71 INF 27 INF 81 62 INF 18 54 88 INF 62 32 92 21 70 64 77 INF 94 INF 78 65 47 77 68 9 8 47 40 93 13 31 85 17 INF 79 66 78 38 83 90 39 78 33 0 INF 58 65 7 INF 60 INF INF 32 95 INF 35 38 INF 32 13 INF INF 72 13 38 22 INF 72 INF 60 INF 0 67
0 17 56 INF 89 INF 95 76 15 66 47 24 50 24 53 52 82 63 62 46 44 28 40 85 7 37 61 58 58 INF 20 INF INF 58 13 24 15 16 84 72 54 24 INF 65 20 76 INF INF 37 81 96 19 5 44 53 INF 16 INF 78 INF 11 33 26 INF 43 9 INF INF 7 5 INF 0 89 13 68 59 INF 56 INF 62 56 28 INF 55 8 86 96 8 INF INF 51 23 INF 0 4 INF INF 23 22 76
69 93 67 54 98 55 80 51 66 48 52 INF 77 84 55 93 23 30 41 0 50 43 46 62 47 76 100 82 INF 72 52 74 INF 0 54 60 INF 0 57 38 15 18 15 60 92 INF 34 14 100 20 31 16 10 62 63 19 73 INF 59 7 81 42 41 97 9 73 39 INF 100 49 58 89 0 70 96 34 18 INF 15 43 INF 75 53 83 31 32 INF 54 88 89 100 55 INF 71 51 36 0 61 80 31
97 69 48 93 78 INF INF INF 58 INF 31 16 INF 28 13 19 INF 57 56 72 INF 16 35 1 INF INF 47 92 28 25 99 2 54 22 39 98 55 67 27 INF INF 45 17 INF 30 85 66 13 45 INF 47 49 90 17 1 INF INF 63 47 32 29 80 INF 66 93 40 93 88 60 96 65 13 70 0 17 98 16 21 12 62 39 28 74 INF 30 INF 43 46 INF INF 24 13 13 INF 38 9 55 6 28 86
90 25 INF 35 INF 69 1 INF 14 INF 31 64 INF 40 18 10 17 INF INF 75 INF INF 24 6 INF 41 81 84 68 99 INF 9 12 54 57 2 3 26 23 43 63 19 61 23 INF INF 56 61 25 72 14 24 INF 30 14 38 33 7 27 63 INF INF 13 87 92 INF 25 INF 2 20 7 68 96 17 0 18 17 93 34 75 0 99 65 INF 71 96 INF 77 93 58 78 11 87 66 96 77 93 INF INF INF
44 INF INF INF 27 12 83 INF INF INF 17 0 53 2 35 53 INF INF 99 55 2 33 INF 89 6 31 INF 66 90 INF 59 INF 12 74 89 INF 41 INF INF 63 66 39 INF 54 INF 96 38 2 49 INF 16 92 30 0 90 30 60 52 85 9 INF INF 24 79 85 INF 13 89 INF 85 INF 59 34 98 18 0 22 69 25 63 INF 57 50 65 57 30 17 79 92 INF 62 19 INF 45 79 26 28 INF 67 84
INF 91 INF 64 INF 49 63 14 INF 28 INF 39 74 53 19 27 99 25 90 84 67 40 88 58 91 85 97 16 32 88 31 14 64 66 23 12 68 78 48 INF 50 67 11 29 12 INF 98 58 44 63 16 68 INF 21 39 69 7 9 11 65 71 INF 16 40 30 80 94 96 22 INF 60 INF 18 16 17 22 0 49 INF INF 67 92 75 26 INF 14 90 56 44 59 INF INF 100 28 INF 96 INF 16 INF 62
90 83 4 INF 18 37 65 22 52 14 90 11 73 79 55 86 INF 9 69 9 32 INF 1 69 INF INF 83 INF 3 13 85 INF INF 58 86 39 INF 95 100 17 INF INF 87 42 6 INF INF 2 3 66 INF 89 65 22 21 26 24 86 11 INF 36 83 12 1 36 11 INF 20 28 45 INF 56 INF 21 93 69 49 0 36 63 75 4 INF 25 62 3 68 21 91 INF 94 17 INF 67 11 INF 21 91 20 17
INF INF 96 99 7 7 INF 97 2 44 43 42 10 25 INF 4 61 15 90 INF 88 63 INF 42 72 27 45 90 73 0 95 59 67 INF INF 8 97 20 55 65 93 61 71 67 86 23 61 87 INF 24 46 INF INF INF 91 8 32 91 INF 92 INF 45 INF 46 INF 76 64 100 18 53 INF INF 15 12 34 25 INF 36 0 71 INF INF 92 0 INF 74 70 INF 35 75 INF 77 22 23 4 3 INF 76 INF INF
57 74 INF 15 INF 66 81 20 62 75 16 69 38 25 8 37 37 39 53 95 INF 30 INF 46 41 47 10 69 INF 16 11 93 65 INF 29 INF 57 56 21 77 15 47 43 78 42 INF 62 28 17 33 53 INF 46 64 25 26 51 81 98 76 INF 48 76 INF 13 25 80 17 INF 12 32 62 43 62 75 63 INF 63 71 0 52 33 INF INF INF 83 88 INF 65 60 37 100 49 2 45 INF 74 INF 55 91
8 INF 2 50 16 INF 9 INF 23 50 INF 94 3 78 5 54 INF 94 INF 8 INF 51 INF 11 43 30 72 76 11 47 5 INF 69 INF 22 16 50 28 INF 37 49 INF 35 80 96 79 79 65 44 INF 36 INF 32 24 36 48 36 5 44 65 INF INF 7 INF 63 100 INF 82 51 57 95 56 INF 39 0 INF 67 75 INF 52 0 INF 85 56 68 27 43 5 41 9 87 INF 82 41 51 63 INF 24 89 8
INF 40 94 97 51 82 76 40 34 80 4 4 INF 83 74 73 75 64 INF 73 34 19 92 INF 12 INF 59 94 40 51 INF 98 INF 57 1 INF 92 78 100 27 5 31 38 96 INF 87 32 INF 99 8 INF INF 71 71 63 82 46 73 18 INF 46 5 11 INF 9 19 INF INF 67 19 INF 28 75 28 99 57 92 4 INF 33 INF 0 INF 42 81 14 INF INF 1 9 47 98 INF 19 14 INF INF 63 92 46
INF INF 79 66 94 42 INF 39 99 63 59 14 30 16 5 53 66 15 INF 78 85 57 INF 99 49 6 28 INF 74 81 6 56 2 12 91 90 INF 76 73 94 91 7 93 94 89 45 100 86 93 12 42 48 68 34 45 45 INF 14 46 INF 79 50 81 20 48 87 45 84 44 80 35 INF 53 74 65 50 75 INF 92 INF 85 INF 0 INF 29 67 33 36 77 45 99 88 76 INF 28 37 INF 48 INF 98
57 70 59 INF 64 71 1 79 77 76 41 69 59 97 68 41 12 76 76 82 13 88 85 INF 44 74 64 INF 50 72 41 38 3 59 21 INF 84 INF INF 79 65 94 INF 52 INF 76 INF 0 INF INF INF 86 71 60 35 14 INF 90 51 20 INF 47 INF 85 40 82 90 24 INF 80 38 55 83 INF INF 65 26 25 0 INF 56 42 INF 0 89 70 8 8 55 31 93 64 44 1 INF INF 53 12 73 INF
56 INF 66 59 63 83 51 54 59 INF 64 48 55 47 62 70 1 90 18 73 6 91 72 INF 64 79 42 INF 4 71 INF 100 INF 24 77 26 2 23 46 INF 85 42 38 INF 97 79 49 INF 85 3 94 INF 69 INF INF INF 38 16 INF 83 25 51 100 76 18 84 66 INF 96 34 INF 8 31 30 71 57 INF 62 INF INF 68 81 29 89 0 14 100 77 10 59 35 14 INF 91 INF 80 13 38 INF 1
8 69 4 44 95 10 93 99 20 70 74 30 INF 91 85 10 71 41 31 11 56 51 62 45 98 93 INF 34 22 85 0 35 94 45 57 20 3 70 20 45 67 18 INF 2 59 71 31 16 9 93 31 51 INF 63 64 INF INF 42 INF 86 5 48 77 26 59 91 99 94 77 INF 32 86 32 INF 96 30 14 3 74 83 27 14 67 70 14 0 31 44 31 81 INF 1 INF 9 INF 49 84 47 7 32
44 31 30 75 1 INF 41 79 48 80 INF 5 59 82 INF 44 INF 51 56 56 INF 69 29 51 100 INF INF 54 INF INF 0 INF 44 54 100 42 77 35 29 1 62 INF 79 34 INF 52 20 INF 58 95 28 27 INF 53 46 80 22 62 79 42 INF 19 INF 54 36 94 95 6 18 34 13 96 INF 43 INF 17 90 68 70 88 43 INF 33 8 100 31 0 74 4 64 68 16 48 43 33 INF 20 97 57 INF
93 36 38 66 10 97 79 49 100 25 97 57 51 INF 26 14 78 43 25 100 85 36 62 22 INF INF INF INF 3 93 77 89 INF 15 56 0 57 61 28 88 82 56 70 19 18 13 41 25 25 29 INF 12 39 INF INF 64 28 93 13 39 82 89 5 INF 27 38 100 11 INF 61 INF 8 54 46 77 79 56 21 INF INF 5 INF 36 8 77 44 74 0 29 68 59 26 INF 69 76 83 100 61 78 76
50 35 INF 15 9 63 8 18 0 61 55 87 INF 14 INF 4 INF 33 INF 35 36 66 43 5 95 52 75 INF 88 57 35 54 52 65 14 30 INF 78 78 27 41 79 INF 12 76 53 9 43 INF 21 39 INF 97 INF 63 33 92 INF INF INF INF 91 48 56 47 64 3 28 55 75 INF INF 88 INF 93 92 44 91 35 65 41 1 77 55 10 31 4 29 0 34 81 INF 16 89 100 1 32 6 INF 77
INF 36 24 INF 66 65 63 11 14 88 INF 53 31 INF 94 24 94 8 69 88 54 74 97 71 76 31 79 70 50 99 INF 59 100 69 82 85 INF 34 63 45 INF 40 0 17 20 1 55 82 INF INF INF 71 7 21 33 81 19 68 27 20 84 11 INF 88 4 43 77 INF 53 40 72 INF 89 INF 58 INF 59 INF 75 60 9 9 45 31 59 81 64 68 34 0 97 83 100 53 81 26 24 INF 96 88
2 39 INF 89 9 8 19 38 13 26 38 31 28 INF 12 55 INF INF 55 52 87 INF 26 71 INF 4 13 83 INF 59 94 INF 47 59 INF 97 57 INF 80 85 79 11 45 INF 46 60 INF 77 48 80 42 INF 11 89 73 11 INF 16 0 79 97 INF INF 68 63 11 INF 56 42 27 13 51 100 24 78 62 INF 94 INF 37 87 47 99 93 35 INF 68 59 81 97 0 29 90 19 54 73 10 20 43 29
4 36 22 91 65 64 18 11 54 97 7 12 86 29 55 14 84 INF INF 81 35 INF 79 97 INF INF 47 67 INF 49 92 INF 74 52 INF 72 19 94 11 64 9 88 95 30 INF 6 85 41 12 69 INF 47 83 85 INF 10 INF 29 INF 40 4 INF 80 81 43 INF 72 18 63 30 38 23 55 13 11 19 INF 17 77 100 INF 98 88 64 14 1 16 26 INF 83 29 0 43 15 44 92 7 30 25 28
51 53 94 23 INF INF 46 35 64 57 87 INF INF 87 92 57 3 INF INF INF 71 4 INF 11 19 9 77 36 1 49 22 INF 88 95 23 INF 48 INF INF 14 INF 10 88 INF 56 INF 92 INF 79 29 56 INF 32 77 37 26 18 45 44 88 90 INF 48 6 46 53 41 INF 87 57 22 INF INF 13 87 INF 100 INF 22 49 82 INF 76 44 INF INF 48 INF 16 100 90 43 0 24 1 96 INF 66 18 83
37 26 72 29 94 29 14 INF 45 34 85 75 45 27 95 73 68 INF 29 23 87 50 33 97 68 45 58 61 INF 53 26 23 73 11 39 INF 92 29 48 36 INF 65 85 74 96 INF 0 INF 14 24 27 12 39 71 31 67 79 INF 23 INF 76 65 9 61 90 70 51 INF 42 INF INF 0 71 INF 66 45 28 67 23 2 41 19 INF 1 91 9 43 69 89 53 19 15 24 0 INF INF 28 81 59 9
INF 40 INF 61 77 35 6 14 89 INF 65 26 29 INF INF 69 64 88 40 INF 37 INF 46 40 INF 83 10 20 INF 65 65 4 15 INF 84 66 70 55 5 INF 91 44 INF 11 91 78 71 69 30 51 100 INF 90 99 33 49 62 23 0 71 49 61 77 INF 14 6 67 INF 61 56 72 4 51 38 96 79 INF 11 4 45 51 14 28 INF INF INF 33 76 100 81 54 44 1 INF 0 90 50 INF 99 33
30 40 62 79 38 83 32 84 9 52 62 23 87 56 INF 88 86 23 92 46 24 32 98 98 72 INF INF 56 25 6 76 14 74 18 54 INF 97 33 INF 8 44 INF 9 INF 22 82 INF 29 INF 9 49 87 11 39 25 INF 87 10 57 5 1 75 INF INF 14 79 INF 8 24 66 INF INF 36 9 77 26 96 INF 3 INF 63 INF 37 INF 80 49 INF 83 1 26 73 92 96 INF 90 0 62 INF 1 28
87 INF 60 96 11 45 INF 35 69 71 80 41 92 INF 85 24 INF 48 INF 81 INF 68 INF INF 95 61 36 48 81 INF 85 17 99 77 60 28 61 65 INF 26 59 INF 75 54 11 31 22 INF INF 77 24 87 INF INF 29 40 7 46 42 12 INF 18 74 INF 1 INF 47 47 70 53 60 INF 0 55 93 28 INF 21 INF 74 INF INF INF 53 13 84 20 100 32 24 10 7 INF 28 50 62 0 INF 71 37
INF 86 84 67 INF 87 50 INF INF 10 83 3 17 76 43 82 INF 60 75 53 86 98 34 INF 17 INF 87 INF INF 81 58 INF INF INF 41 10 4 INF 73 59 60 21 76 INF INF 64 INF 28 63 INF INF 92 81 97 48 48 INF 78 5 53 84 INF 33 52 88 44 8 84 70 63 INF 23 61 6 INF INF 16 91 76 INF 24 63 48 12 38 47 97 61 6 INF 20 30 66 81 INF INF INF 0 29 INF
75 INF INF INF INF 87 46 13 1 51 72 30 82 52 21 63 25 32 19 68 INF INF 82 89 INF INF INF 0 84 56 70 63 45 87 24 42 43 INF 90 INF INF 12 INF 43 INF 95 8 82 38 INF INF 83 INF 21 INF INF 84 33 44 82 69 INF INF 13 67 41 62 93 76 28 0 22 80 28 INF 67 INF 20 INF 55 89 92 INF 73 INF 7 57 78 INF 96 43 25 18 59 99 1 71 29 0 INF
40 INF 93 16 98 INF 16 INF 63 53 53 74 36 41 INF 64 47 59 95 44 42 41 31 20 37 INF 75 58 42 12 59 INF 70 0 57 INF 49 60 73 40 26 44 INF INF 53 92 INF 22 39 INF INF 37 95 77 27 21 99 75 74 12 69 41 23 INF 90 51 3 91 7 25 67 76 31 86 INF 84 62 17 INF 91 8 46 98 INF 1 32 INF 76 77 88 29 28 83 9 33 28 37 INF INF 0
