100
0 26 38 97 32 14 5 74 INF 49 40 27 56 79 23 30 20 35 INF 36 60 2 37 98 61 INF 42 10 62 53 91 23 96 99 67 66 30 100 INF 0 31 82 52 56 54 68 8 65 87 INF 18 70 54 84 27 INF 27 30 21 96 78 85 6 66 73 6 16 60 1 42 80 INF INF 97 92 36 58 INF 73 23 35 51 42 59 INF 50 INF 85 8 21 46 22 44 INF 84 INF 33 INF 60 INF
26 0 INF 93 79 18 58 70 70 55 INF 31 37 57 68 44 12 47 16 50 INF 72 26 80 93 75 49 44 11 46 INF 30 62 72 51 75 25 INF INF 75 INF 33 49 INF 85 99 89 6 INF 48 96 75 60 INF 96 INF 43 25 8 INF 44 INF 30 45 33 50 INF 30 INF 95 INF 21 28 95 32 97 INF 39 97 INF 6 INF 20 20 27 67 55 18 99 55 49 65 39 15 50 88 51 67 60 80
38 INF 0 45 79 INF INF 44 26 26 7 69 23 68 46 40 58 84 60 83 INF 87 14 56 47 39 43 43 90 29 24 INF 61 INF 48 INF 18 90 9 91 33 87 81 86 INF INF 98 95 26 27 93 80 INF 44 87 60 57 13 68 INF 56 49 62 95 47 37 68 14 75 74 79 INF 28 50 24 24 29 61 13 52 33 91 27 1 INF 1 INF 37 66 37 41 INF 73 61 49 INF INF 4 70 61
97 93 45 0 32 INF INF 78 82 100 INF 86 77 69 56 47 55 9 98 59 21 59 INF 80 INF 100 4 91 14 12 3 84 INF INF 96 70 96 19 57 INF 69 79 91 75 49 38 INF 35 71 42 41 INF 35 0 INF 96 INF 97 15 15 85 7 93 13 14 83 55 40 16 INF 79 78 45 70 46 81 INF 27 43 100 31 INF 54 45 INF 60 50 INF INF 87 39 INF 10 61 75 71 33 65 52 80
32 79 79 32 0 12 INF 22 89 39 50 70 72 79 36 50 90 INF 83 81 INF 46 INF 83 48 INF 17 INF 79 INF INF 70 74 26 65 98 69 16 86 92 13 69 50 2 50 76 9 58 66 INF 48 INF 46 INF 10 45 65 7 89 INF 45 94 3 32 INF 62 INF INF 15 9 INF 79 90 28 65 78 26 60 62 56 INF 75 54 INF 62 71 14 83 77 INF 29 100 86 61 INF INF 68 INF 55 90
14 18 INF INF 12 0 72 69 INF INF 28 18 77 22 24 100 71 5 44 58 INF 76 61 3 96 88 53 36 82 73 17 68 45 43 INF 0 INF 65 19 45 96 INF INF 81 33 90 62 75 INF 19 27 INF 11 77 23 INF 83 INF 30 54 62 5 55 85 62 27 44 24 69 95 45 24 19 95 84 25 INF 47 58 4 99 75 INF INF 30 77 INF INF 48 INF 14 16 22 2 39 56 INF 84 31 18
5 58 INF INF INF 72 0 47 INF 83 78 83 91 45 5 88 23 41 48 93 INF 77 65 INF 27 11 91 52 81 52 87 INF 95 16 97 1 85 63 INF 58 INF INF 71 INF 87 INF INF 52 19 62 83 55 32 INF 64 12 45 99 INF 95 27 33 13 78 70 71 13 97 25 48 93 38 INF INF 50 64 65 INF INF INF 78 INF 78 30 17 50 INF 18 91 INF 14 47 96 88 37 INF 90 94 64 87
74 70 44 78 22 69 47 0 98 83 0 52 83 8 INF 45 63 85 42 17 INF 40 25 29 79 46 3 42 85 70 85 52 12 27 41 77 13 28 49 INF 13 23 20 82 INF 70 3 52 25 12 23 100 4 26 75 61 49 78 INF 36 97 64 INF 72 INF 16 29 51 94 9 INF 5 54 97 89 18 93 18 INF 88 25 INF 11 91 36 INF 89 68 34 43 45 INF 87 86 31 86 INF 3 90 80
INF 70 26 82 89 INF INF 98 0 26 10 6 19 28 21 INF 85 INF 100 95 94 INF INF INF INF 98 INF 57 11 49 22 39 68 INF 13 INF 87 54 17 INF 73 47 32 97 INF INF INF 12 INF 65 44 60 91 57 INF 10 INF 74 61 37 98 46 7 INF 90 INF 72 11 46 75 54 40 28 15 17 89 32 INF 18 90 67 51 76 89 47 90 6 5 55 74 9 80 40 31 51 33 77 41 49 INF
49 55 26 100 39 INF 83 83 26 0 INF INF INF 52 61 46 42 78 INF 14 44 97 42 INF INF INF INF 45 94 42 65 83 INF 71 83 16 12 INF 89 11 91 76 78 INF 35 77 84 42 INF 38 18 65 38 29 93 11 62 83 87 INF 10 98 16 38 29 59 62 7 19 38 40 INF 70 INF 15 9 35 49 66 22 84 62 50 42 40 74 53 83 90 72 INF 83 INF INF 84 37 26 18 41 INF
40 INF 7 INF 50 28 78 0 10 INF 0 INF INF 62 8 93 42 87 63 95 83 INF 83 85 45 57 20 14 45 INF 33 INF 29 37 INF 56 INF 85 32 53 26 6 17 INF 36 15 86 69 67 42 46 24 46 84 87 INF 15 INF INF 44 12 75 92 78 13 67 11 5 INF 84 50 INF 82 5 62 14 28 34 98 INF 73 INF 22 79 66 94 1 INF INF 9 49 64 100 INF 72 36 30 INF 69 42
27 31 69 86 70 18 83 52 6 INF INF 0 47 INF 92 66 21 INF 56 70 INF 1 6 INF 52 34 INF INF 25 59 8 44 4 80 37 92 14 INF 15 4 18 38 31 31 40 14 INF 13 INF 20 INF INF 56 75 22 INF INF 5 42 18 INF INF 41 83 36 55 INF INF INF 31 85 13 INF 84 98 INF INF 24 INF INF 92 74 61 2 33 73 48 60 37 68 2 44 INF 71 84 37 13 89 89 73
56 37 23 77 72 77 91 83 19 INF INF 47 0 95 68 16 23 37 36 25 INF 78 15 10 61 INF INF 36 69 69 21 99 53 13 79 INF 62 23 62 23 57 INF 50 13 INF 58 48 8 47 90 99 96 25 19 78 80 78 85 16 2 79 84 43 81 89 27 INF 12 91 84 55 INF 31 INF 21 35 20 91 14 INF 1 91 69 55 INF 58 18 26 82 36 35 33 INF 19 72 INF INF INF INF 40
79 57 68 69 79 22 45 8 28 52 62 INF 95 0 55 8 24 INF INF 96 7 16 58 56 49 70 5 3 89 47 28 15 INF INF 72 96 29 INF INF 89 15 66 34 INF 15 54 INF 36 37 INF 88 34 INF 79 INF 79 75 53 1 41 32 68 17 81 78 65 INF 37 56 10 99 32 18 96 77 59 96 INF 98 51 45 33 73 24 2 INF 12 7 73 67 59 INF INF INF INF 19 85 14 36 74
23 68 46 56 36 24 5 INF 21 61 8 92 68 55 0 INF 93 12 63 27 91 INF INF 15 55 61 INF 83 INF 83 59 INF 57 72 81 73 95 95 58 81 4 INF 27 6 0 INF 100 75 6 58 INF 46 42 62 88 INF 60 82 94 INF 58 16 INF INF 72 INF 93 82 50 16 38 50 53 36 INF 15 INF 43 INF 84 8 50 76 2 INF 77 71 INF 84 62 90 54 80 17 51 INF 4 99 INF 96
30 44 40 47 50 100 88 45 INF 46 93 66 16 8 INF 0 26 INF 67 82 100 12 52 26 64 8 37 44 INF 34 15 53 64 70 3 INF 24 62 71 19 48 58 96 66 12 6 INF 83 73 57 65 5 INF 97 57 4 37 23 34 INF 7 93 INF 64 60 52 87 73 5 INF 14 12 54 INF 90 66 70 87 83 INF 99 79 11 52 INF INF 45 88 38 INF 0 INF 59 32 65 84 42 INF 97 1
20 12 58 55 90 71 23 63 85 42 42 21 23 24 93 26 0 INF INF 49 69 INF 72 15 9 76 50 INF INF 27 58 INF 77 85 45 36 INF 51 INF 100 66 INF INF 52 14 72 16 45 37 15 3 23 12 60 30 46 74 88 99 INF INF 94 72 INF 57 72 16 73 INF INF 60 98 97 49 77 94 20 29 31 9 INF 55 69 65 87 66 INF 46 29 9 57 INF 8 INF 71 75 27 97 48 INF
35 47 84 9 INF 5 41 85 INF 78 87 INF 37 INF 12 INF INF 0 80 55 18 12 22 85 55 73 63 INF 63 61 91 INF INF 51 61 61 2 92 INF 97 3 59 INF 59 55 6 51 INF 17 3 14 45 INF 70 69 54 INF INF 38 INF 38 76 91 10 52 26 46 INF 41 9 INF 61 88 69 INF 27 41 INF 51 INF 28 40 46 41 INF INF INF INF 63 15 16 58 31 77 81 73 83 39 94 89
INF 16 60 98 83 44 48 42 100 INF 63 56 36 INF 63 67 INF 80 0 86 INF 42 74 9 74 34 14 8 INF INF INF INF 81 18 23 INF 42 75 7 53 28 65 8 INF 15 19 INF 79 38 72 26 INF 36 55 52 61 52 3 INF 56 0 12 INF 32 26 5 64 INF 61 INF INF 46 INF 53 50 9 89 57 INF 48 44 80 64 52 INF 13 61 47 61 92 INF INF INF 73 0 55 88 91 23 95
36 50 83 59 81 58 93 17 95 14 95 70 25 96 27 82 49 55 86 0 87 7 INF 84 5 INF 33 82 INF INF INF 74 INF 42 19 14 73 19 INF 70 100 39 100 INF 23 97 74 INF 99 19 70 56 5 INF 21 INF 5 35 27 26 12 INF 14 33 35 INF 17 18 44 18 1 INF 12 INF INF 1 90 INF 31 40 52 44 66 80 82 13 78 86 90 60 57 INF 47 56 42 INF 17 78 100 44
60 INF INF 21 INF INF INF INF 94 44 83 INF INF 7 91 100 69 18 INF 87 0 INF 82 32 4 26 98 INF 1 INF 3 INF INF 26 73 60 59 88 95 30 71 92 35 71 2 55 55 60 3 INF 61 INF INF INF 74 53 10 45 49 83 64 62 97 60 INF 51 83 50 90 INF INF INF 59 70 3 55 74 79 INF 56 INF 6 66 INF 18 88 95 59 INF 36 INF 67 3 90 INF 22 INF 67 64 74
2 72 87 59 46 76 77 40 INF 97 INF 1 78 16 INF 12 INF 12 42 7 INF 0 0 INF 81 68 71 45 INF 82 68 96 20 INF INF 98 INF 71 26 13 27 31 23 100 93 31 INF 63 23 32 8 56 91 3 INF 16 20 6 16 27 INF 13 80 83 INF INF 77 INF 47 INF 63 7 56 6 51 INF 33 48 9 14 47 98 0 24 69 98 32 66 INF 45 45 87 35 96 57 35 INF 9 42 25
37 26 14 INF INF 61 65 25 INF 42 83 6 15 58 INF 52 72 22 74 INF 82 0 0 45 INF INF 68 13 92 35 30 53 INF 30 58 31 30 INF 41 2 25 73 84 INF 28 51 18 89 56 29 27 38 40 INF 32 22 INF 53 61 INF 29 47 50 66 3 12 90 INF 65 100 INF 29 INF 16 7 94 27 INF 11 25 77 24 14 72 7 INF 50 INF INF 25 1 48 89 90 44 65 95 82 81 36
98 80 56 80 83 3 INF 29 INF INF 85 INF 10 56 15 26 15 85 9 84 32 INF 45 0 INF 100 18 72 INF 84 4 INF 13 94 INF 34 INF INF 20 78 6 67 97 INF 17 82 59 INF 75 INF 88 61 67 35 INF 60 74 51 62 29 94 44 INF 62 35 72 50 11 1 29 81 INF 5 26 97 79 INF INF INF INF 54 77 68 95 31 4 95 29 86 9 93 56 38 38 1 14 51 54 31 5
61 93 47 INF 48 96 27 79 INF INF 45 52 61 49 55 64 9 55 74 5 4 81 INF INF 0 46 91 5 22 39 70 28 89 27 11 71 62 INF 85 32 83 9 65 31 76 91 96 INF 39 46 35 5 65 45 38 87 13 87 43 98 54 4 19 2 70 64 48 27 85 INF INF 31 36 80 INF 47 18 26 51 19 34 37 76 69 14 76 92 46 96 91 99 51 30 96 64 70 54 INF 66 61
INF 75 39 100 INF 88 11 46 98 INF 57 34 INF 70 61 8 76 73 34 INF 26 68 INF 100 46 0 58 INF 97 66 36 INF 34 23 85 24 85 60 INF 29 INF 64 32 66 58 INF 97 INF 8 92 27 76 INF 100 25 47 INF 55 49 76 70 98 40 98 66 47 61 34 66 19 82 92 88 50 95 INF 22 37 14 10 40 70 22 60 75 10 INF 3 11 98 59 INF 79 INF 27 42 17 42 7 16
42 49 43 4 17 53 91 3 INF INF 20 INF INF 5 INF 37 50 63 14 33 98 71 68 18 91 58 0 2 93 54 INF 90 46 INF 25 83 65 45 INF 61 INF INF 59 INF 73 10 65 INF 72 11 18 83 26 72 56 36 78 85 37 83 72 19 76 INF 62 INF 91 54 26 88 INF 73 54 20 74 86 81 INF 47 35 45 28 23 INF 51 INF 77 15 INF 41 INF 23 23 INF 51 6 68 INF 30 75
10 44 43 91 INF 36 52 42 57 45 14 INF 36 3 83 44 INF INF 8 82 INF 45 13 72 5 INF 2 0 75 9 23 73 25 37 87 INF 29 67 INF 78 INF 65 75 INF INF 78 67 3 15 53 INF 14 79 6 INF 56 INF INF INF 86 19 69 47 81 INF 39 INF 72 96 58 36 87 82 7 75 49 INF 20 68 INF 100 INF 70 INF 44 INF INF 10 7 12 INF 39 96 INF 63 INF 51 91 4 4
62 11 90 14 79 82 81 85 11 94 45 25 69 89 INF INF INF 63 INF INF 1 INF 92 INF 22 97 93 75 0 28 INF 45 23 51 7 53 90 90 37 39 55 53 34 INF 65 52 62 21 INF 40 71 32 INF 6 58 18 26 70 48 54 53 23 5 INF 70 64 42 9 INF 4 97 13 62 99 21 51 INF 97 74 90 48 87 INF 27 INF 78 INF 84 34 95 72 83 INF INF INF 63 26 INF 21 48
53 46 29 12 INF 73 52 70 49 42 INF 59 69 47 83 34 27 61 INF INF INF 82 35 84 39 66 54 9 28 0 6 43 96 70 INF INF 15 39 20 84 58 32 22 74 48 39 96 63 77 30 51 49 29 94 5 3 69 73 74 INF 69 24 28 16 51 86 90 21 73 INF 39 33 INF 29 7 INF 96 INF 56 77 13 16 31 48 INF 52 61 81 INF 27 38 9 60 67 0 INF 79 21 41 INF
91 INF 24 3 INF 17 87 85 22 65 33 8 21 28 59 15 58 91 INF INF 3 68 30 4 70 36 INF 23 INF 6 0 70 2 43 INF 87 5 INF 70 18 100 1 36 17 INF 77 1 97 98 INF 12 81 1 43 37 87 51 40 77 31 76 60 INF 55 59 66 8 34 14 INF INF 6 25 9 67 INF 22 47 14 37 24 9 75 87 15 INF 63 46 5 74 28 4 INF 80 INF INF 100 91 20 78
23 30 INF 84 70 68 INF 52 39 83 INF 44 99 15 INF 53 INF INF INF 74 INF 96 53 INF 28 INF 90 73 45 43 70 0 42 92 83 93 INF INF INF 6 10 53 75 4 90 39 INF 91 INF 38 INF 59 INF 100 85 77 12 32 100 30 30 46 61 INF 29 69 3 INF 59 35 INF 60 INF 53 29 INF 32 52 99 84 39 INF 3 83 32 9 77 30 14 INF 35 INF 15 INF 60 INF INF 30 89 INF
96 62 61 INF 74 45 95 12 68 INF 29 4 53 INF 57 64 77 INF 81 INF INF 20 INF 13 89 34 46 25 23 96 2 42 0 38 68 87 20 INF 11 INF INF 44 58 7 75 60 51 23 21 57 INF 25 23 31 81 39 86 85 3 85 36 45 2 87 18 INF INF 37 83 73 76 INF 34 24 INF 55 13 51 57 20 64 18 INF 93 100 INF 40 INF 37 53 66 76 84 69 17 39 25 53 15 56
99 72 INF INF 26 43 16 27 INF 71 37 80 13 INF 72 70 85 51 18 42 26 INF 30 94 27 23 INF 37 51 70 43 92 38 0 51 92 INF INF 59 40 87 INF 93 94 71 84 92 79 79 7 34 80 34 INF 17 79 84 42 93 96 84 35 85 82 85 54 92 69 99 78 39 INF INF 76 87 63 45 78 44 53 INF 61 62 4 48 11 45 75 INF 7 94 38 98 2 INF INF 96 39 INF 64
67 51 48 96 65 INF 97 41 13 83 INF 37 79 72 81 3 45 61 23 19 73 INF 58 INF 11 85 25 87 7 INF INF 83 68 51 0 95 INF 16 94 4 61 2 96 41 40 INF 87 INF INF 35 INF 55 98 88 INF 87 96 99 INF INF 5 68 41 67 7 98 53 70 70 57 4 51 48 77 77 67 65 22 90 45 24 83 96 61 62 62 INF 10 1 INF 82 92 90 49 57 64 0 59 41 26
66 75 INF 70 98 0 1 77 INF 16 56 92 INF 96 73 INF 36 61 INF 14 60 98 31 34 71 24 83 INF 53 INF 87 93 87 92 95 0 86 INF 55 83 60 7 50 50 63 54 INF 46 INF 66 41 INF 0 96 19 24 INF 10 34 4 INF 10 84 5 INF 0 36 7 INF 85 57 42 66 91 INF INF INF 99 69 23 63 49 94 91 69 50 28 10 94 81 38 INF 82 INF 63 67 7 36 INF 45
30 25 18 96 69 INF 85 13 87 12 INF 14 62 29 95 24 INF 2 42 73 59 INF 30 INF 62 85 65 29 90 15 5 INF 20 INF INF 86 0 46 INF 23 INF 7 1 55 INF 4 32 56 66 9 93 35 89 92 49 86 91 88 61 10 3 INF 74 87 INF 76 16 58 71 64 51 40 25 94 INF INF 70 33 INF 96 INF 50 48 37 19 12 1 82 INF INF 80 79 72 40 INF 16 INF 55 12 38
100 INF 90 19 16 65 63 28 54 INF 85 INF 23 INF 95 62 51 92 75 19 88 71 INF INF INF 60 45 67 90 39 INF INF INF INF 16 INF 46 0 93 84 10 64 57 32 50 85 55 27 58 17 INF 29 27 INF 72 96 91 55 85 INF 16 28 59 54 25 76 INF 25 46 32 0 0 44 97 59 80 84 89 23 INF 53 INF INF 98 29 20 97 INF 1 INF INF 79 76 14 50 93 72 87 52 5
INF INF 9 57 86 19 INF 49 17 89 32 15 62 INF 58 71 INF INF 7 INF 95 26 41 20 85 INF INF INF 37 20 70 INF 11 59 94 55 INF 93 0 23 36 60 INF 20 37 74 35 58 52 INF 10 40 78 40 INF 85 INF INF 81 64 69 INF INF INF 4 26 INF 5 INF 82 INF INF 66 56 39 76 INF 67 28 91 85 62 91 73 48 INF 56 60 17 INF 25 INF 67 22 31 16 9 97 INF 96
0 75 91 INF 92 45 58 INF INF 11 53 4 23 89 81 19 100 97 53 70 30 13 2 78 32 29 61 78 39 84 18 6 INF 40 4 83 23 84 23 0 8 50 INF 38 80 INF INF 2 92 62 INF 85 7 60 53 INF 20 24 INF 0 67 INF 67 16 27 49 15 57 INF 70 96 27 34 22 50 45 79 34 36 24 65 51 100 61 77 20 44 4 50 79 87 88 33 31 67 INF 86 82 8 31
31 INF 33 69 13 96 INF 13 73 91 26 18 57 15 4 48 66 3 28 100 71 27 25 6 83 INF INF INF 55 58 100 10 INF 87 61 60 INF 10 36 8 0 INF 67 98 95 100 88 36 53 44 99 INF 91 76 37 INF 68 84 24 99 34 53 20 40 82 54 13 INF 58 93 INF 64 3 70 INF 69 77 50 15 INF INF 85 56 87 7 INF INF 40 INF 68 INF 78 94 INF 46 70 57 INF INF INF
82 33 87 79 69 INF INF 23 47 76 6 38 INF 66 INF 58 INF 59 65 39 92 31 73 67 9 64 INF 65 53 32 1 53 44 INF 2 7 7 64 60 50 INF 0 51 88 44 100 72 63 26 INF 90 80 INF 89 96 18 40 11 98 INF 61 20 13 64 46 7 54 36 40 21 INF 32 8 68 48 89 3 INF 98 6 95 INF INF INF INF 91 68 25 INF INF 93 47 27 INF 3 2 12 83 91 6
52 49 81 91 50 INF 71 20 32 78 17 31 50 34 27 96 INF INF 8 100 35 23 84 97 65 32 59 75 34 22 36 75 58 93 96 50 1 57 INF INF 67 51 0 32 17 42 64 22 28 20 94 INF 53 50 77 82 71 INF 24 58 91 INF 14 62 33 57 26 60 47 8 66 1 INF 45 15 24 97 86 92 36 12 90 100 76 INF 56 84 39 20 24 32 INF 61 INF 45 63 83 43 23 55
56 INF 86 75 2 81 INF 82 97 INF INF 31 13 INF 6 66 52 59 INF INF 71 100 INF INF 31 66 INF INF INF 74 17 4 7 94 41 50 55 32 20 38 98 88 32 0 21 20 INF 77 26 89 INF 75 42 25 INF 22 76 INF 37 60 0 INF 45 INF 50 30 INF 85 53 91 51 63 89 84 19 INF 76 62 8 89 INF 62 27 10 91 61 66 50 82 INF 20 35 95 INF INF 37 INF 80 80 44
54 85 INF 49 50 33 87 INF INF 35 36 40 INF 15 0 12 14 55 15 23 2 93 28 17 76 58 73 INF 65 48 INF 90 75 71 40 63 INF 50 37 80 95 44 17 21 0 INF 95 100 INF INF 92 INF 46 73 22 84 81 61 59 23 INF 20 62 14 8 62 2 28 100 57 87 28 15 26 55 63 34 15 9 23 88 20 43 16 11 INF 39 85 43 60 78 51 89 43 98 INF 70 11 25 40
68 99 INF 38 76 90 INF 70 INF 77 15 14 58 54 INF 6 72 6 19 97 55 31 51 82 91 INF 10 78 52 39 77 39 60 84 INF 54 4 85 74 INF 100 100 42 20 INF 0 INF 38 23 INF INF 55 79 78 4 24 INF 24 66 86 63 40 INF 38 55 INF 52 45 31 53 56 30 INF 38 INF INF 46 73 4 12 61 5 15 97 99 2 50 81 45 28 3 56 99 28 37 INF 19 76 74 INF
8 89 98 INF 9 62 INF 3 INF 84 86 INF 48 INF 100 INF 16 51 INF 74 55 INF 18 59 96 97 65 67 62 96 1 INF 51 92 87 INF 32 55 35 INF 88 72 64 INF 95 INF 0 1 INF 64 INF 47 100 27 13 42 28 95 16 89 56 72 INF INF INF 86 52 54 INF 77 31 45 63 49 22 25 19 57 68 60 76 78 55 13 1 44 52 57 21 INF 70 24 36 14 INF INF 47 54 68 25
65 6 95 35 58 75 52 52 12 42 69 13 8 36 75 83 45 INF 79 INF 60 63 89 INF INF INF INF 3 21 63 97 91 23 79 INF 46 56 27 58 2 36 63 22 77 100 38 1 0 60 INF 92 INF 39 INF 92 INF 70 23 80 22 0 INF 18 86 99 26 INF 49 26 INF 37 INF 41 93 65 INF 98 0 58 42 63 37 89 INF INF 34 29 41 4 93 50 96 0 97 60 11 93 INF 1 1
87 INF 26 71 66 INF 19 25 INF INF 67 INF 47 37 6 73 37 17 38 99 3 23 56 75 39 8 72 15 INF 77 98 INF 21 79 INF INF 66 58 52 92 53 26 28 26 INF 23 INF 60 0 39 17 39 85 80 86 INF INF 11 27 INF 45 8 62 6 24 75 99 96 37 100 INF 90 INF 61 INF 2 53 INF INF INF INF 1 3 68 82 8 99 INF INF 56 69 7 15 25 15 71 38 75 INF INF
INF 48 27 42 INF 19 62 12 65 38 42 20 90 INF 58 57 15 3 72 19 INF 32 29 INF 46 92 11 53 40 30 INF 38 57 7 35 66 9 17 INF 62 44 INF 20 89 INF INF 64 INF 39 0 52 83 84 69 90 57 6 78 86 61 12 94 8 89 14 70 47 14 77 57 31 31 90 9 4 INF INF INF 57 INF INF 87 INF 97 89 26 95 18 INF 76 18 82 30 54 34 88 11 76 61 8
18 96 93 41 48 27 83 23 44 18 46 INF 99 88 INF 65 3 14 26 70 61 8 27 88 35 27 18 INF 71 51 12 INF INF 34 INF 41 93 INF 10 INF 99 90 94 INF 92 INF INF 92 17 52 0 73 65 INF 59 37 74 80 INF 88 10 89 13 54 82 71 45 5 10 INF 56 12 87 INF 72 INF 32 90 11 INF INF 21 67 53 35 36 36 73 71 12 90 81 1 6 33 75 INF 68 52 17
70 75 80 INF INF INF 55 100 60 65 24 INF 96 34 46 5 23 45 INF 56 INF 56 38 61 5 76 83 14 32 49 81 59 25 80 55 INF 35 29 40 85 INF 80 INF 75 INF 55 47 INF 39 83 73 0 90 INF 52 78 INF INF 93 92 15 INF 63 87 95 INF INF 66 62 85 INF 48 71 INF 45 28 11 75 32 6 INF 100 INF 27 30 63 42 43 61 INF 60 13 INF 93 51 8 76 51 21 53
54 60 INF 35 46 11 32 4 91 38 46 56 25 INF 42 INF 12 INF 36 5 INF 91 40 67 65 INF 26 79 INF 29 1 INF 23 34 98 0 89 27 78 7 91 INF 53 42 46 79 100 39 85 84 65 90 0 69 25 INF INF 12 69 INF INF 10 INF INF 91 43 32 34 INF 80 38 38 7 INF 8 85 52 85 84 68 22 96 10 INF 15 57 34 61 1 92 0 46 66 60 49 80 75 0 INF INF
84 INF 44 0 INF 77 INF 26 57 29 84 75 19 79 62 97 60 70 55 INF INF 3 INF 35 45 100 72 6 6 94 43 100 31 INF 88 96 92 INF 40 60 76 89 50 25 73 78 27 INF 80 69 INF INF 69 0 26 3 62 24 24 63 44 INF INF 74 51 37 INF INF 7 82 70 3 INF 77 3 39 36 26 75 79 10 50 55 82 46 42 77 16 0 97 9 INF INF INF 54 63 INF 79 INF 94
27 96 87 INF 10 23 64 75 INF 93 87 22 78 INF 88 57 30 69 52 21 74 INF 32 INF 38 25 56 INF 58 5 37 85 81 17 INF 19 49 72 INF 53 37 96 77 INF 22 4 13 92 86 90 59 52 25 26 0 51 INF INF 5 48 4 INF INF 66 INF 100 48 INF 26 34 33 14 40 12 57 84 INF INF 57 41 INF 74 21 83 95 12 83 38 40 INF 88 28 73 4 40 11 14 46 57 84
INF INF 60 96 45 INF 12 61 10 11 INF INF 80 79 INF 4 46 54 61 INF 53 16 22 60 87 47 36 56 18 3 87 77 39 79 87 24 86 96 85 INF INF 18 82 22 84 24 42 INF INF 57 37 78 INF 3 51 0 9 60 INF 98 74 INF 6 91 31 4 24 1 36 22 58 8 13 INF 90 78 69 0 7 15 INF INF 46 41 INF 18 52 97 79 INF 79 69 92 79 INF 56 88 6 INF 96
27 43 57 INF 65 83 45 49 INF 62 15 INF 78 75 60 37 74 INF 52 5 10 20 INF 74 13 INF 78 INF 26 69 51 12 86 84 96 INF 91 91 INF 20 68 40 71 76 81 INF 28 70 INF 6 74 INF INF 62 INF 9 0 6 89 2 70 95 51 70 23 58 INF 19 31 64 20 45 INF 61 34 INF 5 79 65 6 56 56 31 6 15 56 4 1 INF 48 75 64 65 54 INF 53 91 57 50 97
30 25 13 97 7 INF 99 78 74 83 INF 5 85 53 82 23 88 INF 3 35 45 6 53 51 87 55 85 INF 70 73 40 32 85 42 99 10 88 55 INF 24 84 11 INF INF 61 24 95 23 11 78 80 INF 12 24 INF 60 6 0 63 INF 33 INF INF 54 84 INF 88 55 33 30 37 33 59 15 16 43 INF 5 50 69 67 68 INF 24 42 72 18 7 17 44 72 16 INF 74 80 INF 85 29 77 88
21 8 68 15 89 30 INF INF 61 87 INF 42 16 1 94 34 99 38 INF 27 49 16 61 62 43 49 37 INF 48 74 77 100 3 93 INF 34 61 85 81 INF 24 98 24 37 59 66 16 80 27 86 INF 93 69 24 5 INF 89 63 0 79 19 19 98 INF INF 58 71 2 55 25 73 30 23 77 13 INF 70 92 13 8 INF 50 49 2 56 78 29 16 INF 60 89 13 89 40 34 4 INF 44 32 8
96 INF INF 15 INF 54 95 36 37 INF 44 18 2 41 INF INF INF INF 56 26 83 27 INF 29 98 76 83 86 54 INF 31 30 85 96 INF 4 10 INF 64 0 99 INF 58 60 23 86 89 22 INF 61 88 92 INF 63 48 98 2 INF 79 0 8 72 77 49 INF 33 69 16 20 40 2 65 INF 65 1 15 24 85 47 INF 8 41 INF 68 11 INF 4 INF INF 34 57 91 24 32 1 41 INF 37 74 INF
78 44 56 85 45 62 27 97 98 10 12 INF 79 32 58 7 INF 38 0 12 64 INF 29 94 54 70 72 19 53 69 76 30 36 84 5 INF 3 16 69 67 34 61 91 0 INF 63 56 0 45 12 10 15 INF 44 4 74 70 33 19 8 0 28 3 INF 17 50 75 63 0 77 5 93 20 43 50 20 INF 17 42 INF 76 66 26 75 INF 72 28 68 23 84 74 82 82 2 14 INF 85 97 45 29
85 INF 49 7 94 5 33 64 46 98 75 INF 84 68 16 93 94 76 12 INF 62 13 47 44 4 98 19 69 23 24 60 46 45 35 68 10 INF 28 INF INF 53 20 INF INF 20 40 72 INF 8 94 89 INF 10 INF INF INF 95 INF 19 72 28 0 57 39 82 100 77 INF 3 53 1 7 INF INF 37 70 7 18 5 66 INF 32 22 48 16 75 40 80 34 49 13 9 89 42 72 50 81 66 INF 57
6 30 62 93 3 55 13 INF 7 16 92 41 43 17 INF INF 72 91 INF 14 97 80 50 INF 19 40 76 47 5 28 INF 61 2 85 41 84 74 59 INF 67 20 13 14 45 62 INF INF 18 62 8 13 63 INF INF INF 6 51 INF 98 77 3 57 0 0 INF 42 12 31 46 71 99 88 48 4 82 INF 63 36 70 39 4 96 29 34 21 INF 28 INF 62 10 28 84 85 48 66 96 18 1 73 96
66 45 95 13 32 85 78 72 INF 38 78 83 81 81 INF 64 INF 10 32 33 60 83 66 62 2 98 INF 81 INF 16 55 INF 87 82 67 5 87 54 INF 16 40 64 62 INF 14 38 INF 86 6 89 54 87 INF 74 66 91 70 54 INF 49 INF 39 0 0 66 53 78 52 44 60 INF 12 34 INF INF INF 77 50 INF 3 INF INF 98 INF 87 16 50 76 88 61 78 27 72 INF INF 38 72 16 80 INF
73 33 47 14 INF 62 70 INF 90 29 13 36 89 78 72 60 57 52 26 35 INF INF 3 35 70 66 62 INF 70 51 59 29 18 85 7 INF INF 25 4 27 82 46 33 50 8 55 INF 99 24 14 82 95 91 51 INF 31 23 84 INF INF 17 82 INF 66 0 41 87 24 INF 4 38 92 24 72 56 69 INF 95 27 88 59 26 83 58 INF 69 99 74 36 INF INF 89 INF 74 87 100 66 94 38 INF
6 50 37 83 62 27 71 16 INF 59 67 55 27 65 INF 52 72 26 5 INF 51 INF 12 72 64 47 INF 39 64 86 66 69 INF 54 98 0 76 76 26 49 54 7 57 30 62 INF 86 26 75 70 71 INF 43 37 100 4 58 INF 58 33 50 100 42 53 41 0 5 69 86 5 INF 69 7 52 INF 56 20 48 72 32 19 INF 47 46 34 INF 21 INF 39 29 80 83 6 13 26 96 96 55 67 41
16 INF 68 55 INF 44 13 29 72 62 11 INF INF INF 93 87 16 46 64 17 83 77 90 50 48 61 91 INF 42 90 8 3 INF 92 53 36 16 INF INF 15 13 54 26 INF 2 52 52 INF 99 47 45 INF 32 INF 48 24 INF 88 71 69 75 77 12 78 87 5 0 INF 20 27 26 18 70 20 59 6 INF 30 INF INF INF 58 76 51 15 51 30 73 19 38 25 95 90 INF INF 46 21 49 34 60
60 30 14 40 INF 24 97 51 11 7 5 INF 12 37 82 73 73 INF INF 18 50 INF INF 11 27 34 54 72 9 21 34 INF 37 69 70 7 58 25 5 57 INF 36 60 85 28 45 54 49 96 14 5 66 34 INF INF 1 19 55 2 16 63 INF 31 52 24 69 INF 0 27 8 77 48 90 91 30 INF 56 INF 35 82 14 97 78 73 9 85 68 64 72 31 44 32 98 36 5 7 16 75 36 INF
1 INF 75 16 15 69 25 94 46 19 INF INF 91 56 50 5 INF 41 61 44 90 47 65 1 85 66 26 96 INF 73 14 59 83 99 70 INF 71 46 INF INF 58 40 47 53 100 31 INF 26 37 77 10 62 INF 7 26 36 31 33 55 20 0 3 46 44 INF 86 20 27 0 INF INF 93 96 78 96 62 96 30 89 79 59 96 INF 50 37 0 84 67 28 INF 2 22 90 INF 58 80 12 47 INF 23
42 95 74 INF 9 95 48 9 75 38 84 31 84 10 16 INF INF 9 INF 18 INF INF 100 29 INF 19 88 58 4 INF INF 35 73 78 57 85 64 32 82 70 93 21 8 91 57 53 77 INF 100 57 INF 85 80 82 34 22 64 30 25 40 77 53 71 60 4 5 27 8 INF 0 20 75 79 69 10 2 92 18 26 25 INF INF 59 4 87 82 76 INF 28 99 INF 69 75 58 22 100 63 INF 75 11
80 INF 79 79 INF 45 93 INF 54 40 50 85 55 99 38 14 60 INF INF 1 INF 63 INF 81 INF 82 INF 36 97 39 INF INF 76 39 4 57 51 0 INF 96 INF INF 66 51 87 56 31 37 INF 31 56 INF 38 70 33 58 20 37 73 2 5 1 99 INF 38 INF 26 77 INF 20 0 5 INF 81 INF 91 32 INF 47 51 INF 79 75 20 INF 44 60 INF 58 INF 19 14 82 91 74 85 86 61 93 24
INF 21 INF 78 79 24 38 5 40 INF INF 13 INF 32 50 12 98 61 46 INF INF 7 29 INF 31 92 73 87 13 33 6 60 INF INF 51 42 40 0 INF 27 64 32 1 63 28 30 45 INF 90 31 12 48 38 3 14 8 45 33 30 65 93 7 88 12 92 69 18 48 93 75 5 0 INF 21 91 49 62 9 28 35 INF INF INF 21 51 93 INF 72 89 61 92 64 76 16 8 78 34 84 34 78
INF 28 28 45 90 19 INF 54 28 70 82 INF 31 18 53 54 97 88 INF 12 59 56 INF 5 36 88 54 82 62 INF 25 INF 34 INF 48 66 25 44 66 34 3 8 INF 89 15 INF 63 41 INF 90 87 71 7 INF 40 13 INF 59 23 INF 20 INF 48 34 24 7 70 90 96 79 INF INF 0 INF 35 43 INF 31 81 26 INF 93 76 67 92 70 23 100 80 60 64 1 2 97 66 75 71 68 26 70
97 95 50 70 28 95 INF 97 15 INF 5 84 INF 96 36 INF 49 69 53 INF 70 6 16 26 80 50 20 7 99 29 9 53 24 76 77 91 94 97 56 22 70 68 45 84 26 38 49 93 61 9 INF INF INF 77 12 INF 61 15 77 65 43 INF 4 INF 72 52 20 91 78 69 81 21 INF 0 0 100 INF INF 72 39 14 31 5 66 INF INF 33 INF 49 94 26 58 41 38 84 INF 26 INF 38 53
92 32 24 46 65 84 50 89 17 15 62 98 21 77 INF 90 77 INF 50 INF 3 51 7 97 INF 95 74 75 21 7 67 29 INF 87 77 INF INF 59 39 50 INF 48 15 19 55 INF 22 65 INF 4 72 45 8 3 57 90 34 16 13 1 50 37 82 INF 56 INF 59 30 96 10 INF 91 35 0 0 6 INF 100 58 69 INF 95 35 92 55 52 38 68 83 88 53 44 81 INF 37 25 0 1 15 79
36 97 24 81 78 25 64 18 89 9 14 INF 35 59 15 66 94 27 9 1 55 INF 94 79 47 INF 86 49 51 INF INF INF 55 63 67 INF INF 80 76 45 69 89 24 INF 63 INF 25 INF 2 INF INF 28 85 39 84 78 INF 43 INF 15 20 70 INF INF 69 56 6 INF 62 2 91 49 43 100 6 0 92 41 4 61 73 37 76 29 2 70 INF INF 58 65 45 INF 43 65 33 77 75 17 INF 99
58 INF 29 INF 26 INF 65 93 32 35 28 INF 20 96 INF 70 20 41 89 90 74 33 27 INF 18 22 81 INF INF 96 22 32 13 45 65 INF 70 84 INF 79 77 3 97 76 34 46 19 98 53 INF 32 11 52 36 INF 69 5 INF 70 24 INF 7 63 77 INF 20 INF 56 96 92 32 62 INF INF INF 92 0 81 50 35 87 92 INF 59 25 52 93 58 100 63 100 INF 22 11 7 INF 92 27 INF 85
INF 39 61 27 60 47 INF 18 INF 49 34 24 91 INF 43 87 29 INF 57 INF 79 48 INF INF 26 37 INF 20 97 INF 47 52 51 78 22 99 33 89 67 34 50 INF 86 62 15 73 57 0 INF INF 90 75 85 26 INF 0 79 5 92 85 17 18 36 50 95 48 30 INF 30 18 INF 9 31 INF 100 41 81 0 55 INF INF 47 74 75 100 73 22 1 61 93 INF 100 60 11 5 49 41 18 INF 76
73 97 13 43 62 58 INF INF 18 66 98 INF 14 98 INF 83 31 51 INF 31 INF 9 11 INF 51 14 47 68 74 56 14 99 57 44 90 69 INF 23 28 36 15 98 92 8 9 4 68 58 INF 57 11 32 84 75 57 7 65 50 13 47 42 5 70 INF 27 72 INF 35 89 26 47 28 81 72 58 4 50 55 0 71 51 85 98 14 22 INF 76 1 73 INF INF 52 53 6 49 58 INF 33 5 23
23 INF 52 100 56 4 INF 88 90 22 INF INF INF 51 84 INF 9 INF 48 40 56 14 25 INF 19 10 35 INF 90 77 37 84 20 53 45 23 96 INF 91 24 INF 6 36 89 23 12 60 42 INF INF INF 6 68 79 41 15 6 69 8 INF INF 66 39 3 88 32 INF 82 79 25 51 35 26 39 69 61 35 INF 71 0 55 INF 1 54 60 88 41 1 97 21 INF 51 90 38 58 72 57 INF 49 23
35 6 33 31 INF 99 78 25 67 84 73 92 1 45 8 99 INF 28 44 52 INF 47 77 54 34 40 45 100 48 13 24 39 64 INF 24 63 INF 53 85 65 INF 95 12 INF 88 61 76 63 INF INF INF INF 22 10 INF INF 56 67 INF 8 76 INF 4 INF 59 19 INF 14 59 INF INF INF INF 14 INF 73 87 INF 51 55 0 73 68 INF INF 31 INF 73 35 67 69 48 24 76 23 0 21 11 83 56
51 INF 91 INF 75 75 INF INF 51 62 INF 74 91 33 50 79 55 40 80 44 6 98 24 77 37 70 28 INF 87 16 9 INF 18 61 83 49 50 INF 62 51 85 INF 90 62 20 5 78 37 1 87 21 100 96 50 74 INF 56 68 50 41 66 32 96 INF 26 INF 58 97 96 INF 79 INF 93 31 95 37 92 47 85 INF 73 0 44 77 INF 66 INF INF 70 95 INF 36 70 50 INF 47 94 INF 95 15
42 20 27 54 54 INF 78 11 76 50 22 61 69 73 76 11 69 46 64 66 66 0 14 68 76 22 23 70 INF 31 75 3 INF 62 96 94 48 INF 91 100 56 INF 100 27 43 15 55 89 3 INF 67 INF 10 55 21 46 31 INF 49 INF 26 22 29 98 83 47 76 78 INF 59 75 INF 76 5 35 76 INF 74 98 1 68 44 0 22 75 39 83 64 2 52 59 29 82 51 89 INF 27 7 76 26
59 20 1 45 INF INF 30 91 89 42 79 2 55 24 2 52 65 41 52 80 INF 24 72 95 69 60 INF INF 27 48 87 83 93 4 61 91 37 98 73 61 87 INF 76 10 16 97 13 INF 68 97 53 27 INF 82 83 41 6 24 2 68 75 48 34 INF 58 46 51 73 50 4 20 21 67 66 92 29 59 75 14 54 INF 77 22 0 76 INF 80 71 84 INF 32 81 1 50 55 61 63 65 44 60
INF 27 INF INF 62 30 17 36 47 40 66 33 INF 2 INF INF 87 INF INF 82 18 69 7 31 14 75 51 44 INF INF 15 32 100 48 62 69 19 29 48 77 7 INF INF 91 11 99 1 INF 82 89 35 30 15 46 95 INF 15 42 56 11 INF 16 21 87 INF 34 15 9 37 87 INF 51 92 INF 55 2 25 100 22 60 INF INF 75 76 0 26 33 30 INF 42 16 14 75 63 85 9 60 1 31 INF
50 67 1 60 71 77 50 INF 90 74 94 73 58 INF 77 INF 66 INF 13 13 88 98 INF 4 76 10 INF INF 78 52 INF 9 INF 11 62 50 12 20 INF 20 INF 91 56 61 INF 2 44 34 8 26 36 63 57 42 12 18 56 72 78 INF 72 75 INF 16 69 INF 51 85 0 82 44 93 70 INF 52 70 52 73 INF 88 31 66 39 INF 26 0 79 92 84 73 INF INF 49 50 28 INF 100 2 64 33
INF 55 INF 50 14 INF INF 89 6 53 1 48 18 12 71 45 INF INF 61 78 95 32 50 95 92 INF 77 INF INF 61 63 77 40 45 INF 28 1 97 56 44 INF 68 84 66 39 50 52 29 99 95 36 42 34 77 83 52 4 18 29 4 28 40 28 50 99 21 30 68 84 76 60 INF 23 33 38 INF 93 22 76 41 INF INF 83 80 33 79 0 36 14 50 29 27 82 91 55 23 INF INF 23 24
85 18 37 INF 83 INF 18 68 5 83 INF 60 26 7 INF 88 46 INF 47 86 59 66 INF 29 46 3 15 10 84 81 46 30 INF 75 10 10 82 INF 60 4 40 25 39 50 85 81 57 41 INF 18 73 43 61 16 38 97 1 7 16 INF 68 80 INF 76 74 INF 73 64 67 INF INF 72 100 INF 68 INF 58 1 1 1 73 INF 64 71 30 92 36 0 INF 50 88 INF INF 42 49 85 4 83 40 71
8 99 66 INF 77 48 91 34 55 90 INF 37 82 73 84 38 29 63 61 90 INF INF INF 86 96 11 INF 7 34 INF 5 14 37 INF 1 94 INF 1 17 50 INF INF 20 82 43 45 21 4 INF INF 71 61 1 0 40 79 INF 17 INF INF 23 34 62 88 36 39 19 72 28 28 58 89 80 49 83 58 100 61 73 97 35 70 2 84 INF 84 14 INF 0 82 90 30 74 39 76 INF 49 14 69 14
21 55 37 87 INF INF INF 43 74 72 9 68 36 67 62 INF 9 15 92 60 36 45 25 9 91 98 41 12 95 27 74 INF 53 7 INF 81 INF INF INF 79 68 INF 24 INF 60 28 INF 93 56 76 12 INF 92 97 INF INF 48 44 60 34 84 49 10 61 INF 29 38 31 INF 99 INF 61 60 94 88 65 63 93 INF 21 67 95 52 INF 42 73 50 50 82 0 78 42 34 INF 38 INF 40 57 100 INF
46 49 41 39 29 14 14 45 9 INF 49 2 35 59 90 0 57 16 INF 57 INF 45 1 93 99 59 INF INF 72 38 28 35 66 94 82 38 80 INF 25 87 INF 93 32 20 78 3 70 50 69 18 90 60 0 9 88 79 75 72 89 57 74 13 28 78 INF 80 25 44 2 INF 19 92 64 26 53 45 100 INF INF INF 69 INF 59 32 16 INF 29 88 90 78 0 89 77 79 90 0 INF INF 38 13
22 65 INF INF 100 16 47 INF 80 83 64 44 33 INF 54 INF INF 58 INF INF 67 87 48 56 51 INF 23 39 83 9 4 INF 76 38 92 INF 79 79 INF 88 78 47 INF 35 51 56 24 96 7 82 81 13 46 INF 28 69 64 16 13 91 82 9 84 27 89 83 95 32 22 69 14 64 1 58 44 INF INF 100 52 51 48 36 29 81 14 INF 27 INF 30 42 89 0 77 81 INF 14 37 15 50 63
44 39 73 10 86 22 96 87 40 INF 100 INF INF INF 80 59 8 31 INF 47 3 35 89 38 30 79 23 96 INF 60 INF 15 84 98 90 82 72 76 67 33 94 27 61 95 89 99 36 0 15 30 1 INF 66 INF 73 92 65 INF 89 24 82 89 85 72 INF 6 90 98 90 75 82 76 2 41 81 43 22 60 53 90 24 70 82 1 75 49 82 INF 74 34 77 77 0 17 26 61 49 39 44 59
INF 15 61 61 61 2 88 86 31 INF INF 71 19 INF 17 32 INF 77 73 56 90 96 90 38 96 INF INF INF INF 67 80 INF 69 2 49 INF 40 14 22 31 INF INF INF INF 43 28 14 97 25 54 6 93 60 INF 4 79 54 74 40 32 2 42 48 INF 74 13 INF 36 INF 58 91 16 97 38 INF 65 11 11 6 38 76 50 51 50 63 50 91 42 39 INF 79 81 17 0 49 72 21 99 71 63
84 50 49 75 INF 39 37 31 51 84 72 84 72 INF 51 65 71 81 0 42 INF 57 44 1 64 27 51 63 INF 0 INF 60 17 INF 57 63 INF 50 31 67 46 3 45 INF 98 37 INF 60 15 34 33 51 49 54 40 INF INF 80 34 1 14 72 66 INF 87 26 INF 5 58 22 74 8 66 84 37 33 7 5 49 58 23 INF 89 55 85 28 55 49 76 38 90 INF 26 49 0 82 30 44 5 29
INF 88 INF 71 INF 56 INF 86 33 37 36 37 INF 19 INF 84 75 73 55 INF 22 35 65 14 70 42 6 INF 63 INF INF INF 39 INF 64 67 16 93 16 INF 70 2 63 37 INF INF INF 11 71 88 75 8 80 63 11 56 53 INF 4 41 INF 50 96 38 100 96 46 7 80 100 85 78 75 INF 25 77 INF 49 58 72 0 47 INF 61 9 INF 23 85 INF INF 0 14 61 72 82 0 INF 48 33 17
33 51 INF 33 68 INF 90 INF 77 26 30 13 INF 85 4 42 27 83 88 17 INF INF 95 51 54 17 68 51 26 79 100 INF 25 96 0 7 INF 72 9 86 57 12 83 INF 70 19 47 93 38 11 INF 76 75 INF 14 88 91 85 INF INF 85 81 18 72 66 96 21 16 12 63 86 34 71 26 0 75 92 41 INF 57 21 94 27 63 60 100 INF 4 49 40 INF 37 49 21 30 INF 0 36 INF 96
INF 67 4 65 INF 84 94 3 41 18 INF 89 INF 14 99 INF 97 39 91 78 67 9 82 54 INF 42 INF 91 INF 21 91 30 53 39 59 36 55 87 97 82 INF 83 43 80 11 76 54 INF 75 76 68 51 0 79 46 6 57 29 44 37 97 66 1 16 94 55 49 75 47 INF 61 84 68 INF 1 17 27 18 33 INF 11 INF 7 65 1 2 INF 83 14 57 INF 15 39 99 44 48 36 0 65 69
60 60 70 52 55 31 64 90 49 41 69 89 INF 36 INF 97 48 94 23 100 64 42 81 31 66 7 30 4 21 41 20 89 15 INF 41 INF 12 52 INF 8 INF 91 23 80 25 74 68 1 INF 61 52 21 INF INF 57 INF 50 77 32 74 45 INF 73 80 38 67 34 36 INF 75 93 34 26 38 15 INF INF INF 5 49 83 95 76 44 31 64 23 40 69 100 38 50 44 71 5 33 INF 65 0 97
INF 80 61 80 90 18 87 80 INF INF 42 73 40 74 96 1 INF 89 95 44 74 25 36 5 61 16 75 4 48 INF 78 INF 56 64 26 45 38 5 96 31 INF 6 55 44 40 INF 25 1 INF 8 17 53 INF 94 84 96 97 88 8 INF 29 57 96 INF INF 41 60 INF 23 11 24 78 70 53 79 99 85 76 23 23 56 15 26 60 INF 33 24 71 14 INF 13 63 59 63 29 17 96 69 97 0
