100
0 49 60 40 90 89 49 13 37 37 80 74 79 42 87 INF INF 53 28 INF 19 5 37 INF 56 78 INF 72 75 3 INF 28 INF 78 100 33 18 94 INF 80 INF 5 95 93 INF 78 60 86 86 62 71 90 54 INF 88 INF 97 39 26 51 95 55 INF 55 87 23 7 INF 66 64 26 63 2 48 74 14 9 INF 36 95 54 74 INF 67 INF 25 73 23 INF 56 22 58 INF 83 INF 92 8 INF 33 2
49 0 100 36 45 3 8 61 40 24 12 50 INF 71 INF INF INF 52 91 INF 83 INF 48 59 77 INF INF 65 45 100 69 59 23 39 44 INF INF 62 90 90 3 58 17 40 78 INF 13 54 40 INF 10 52 55 INF INF 95 11 INF 82 63 77 2 70 45 INF 24 36 39 42 INF 48 INF 53 32 72 98 3 74 INF 65 36 8 85 98 23 57 57 44 INF 73 11 59 67 INF 74 95 92 34 92 4
60 100 0 INF 68 6 0 5 76 20 86 92 37 5 94 INF 18 29 INF 99 50 74 33 8 10 71 13 27 37 17 11 INF 95 73 85 59 INF 77 30 50 80 32 63 2 53 INF INF 88 INF INF 49 38 84 29 71 0 INF 37 INF 36 4 45 INF 0 INF 5 INF 83 12 71 46 28 8 97 80 INF 6 66 24 21 78 31 INF 32 77 26 INF 99 INF 58 INF 19 19 INF 18 0 42 64 8 58
40 36 INF 0 INF 11 4 27 26 INF 38 24 58 INF 8 INF 52 78 77 12 1 INF 89 88 59 INF 25 65 73 37 25 INF 94 INF 6 INF 42 52 INF 67 INF 76 51 55 15 11 65 88 3 INF INF 0 51 89 93 70 19 56 27 INF 18 34 INF 5 30 23 INF 85 100 50 49 24 54 68 81 16 84 3 INF 10 1 62 46 92 INF 93 0 7 63 92 16 90 INF 68 79 31 94 96 48 64
90 45 68 INF 0 3 38 79 13 76 63 INF 55 INF 56 44 18 12 41 83 70 INF 50 47 61 91 52 36 12 INF 43 39 57 21 26 76 17 5 94 36 4 33 INF 73 INF 11 5 80 13 INF 5 63 83 61 46 87 13 54 58 86 12 21 INF 69 85 7 18 67 29 INF INF 98 28 70 94 INF 62 72 94 38 90 67 11 44 97 9 INF INF 94 3 18 67 79 INF 41 INF INF 7 INF INF
89 3 6 11 3 0 14 INF INF 76 73 INF 16 93 97 39 67 40 INF 12 4 50 INF INF 78 47 0 92 83 54 4 INF 84 56 85 INF 91 INF 36 1 INF 30 78 86 71 INF INF 59 78 INF 31 50 51 31 16 96 27 47 INF INF 86 47 37 39 29 17 59 3 INF 21 38 INF 13 INF 66 0 81 INF 65 13 34 74 12 90 29 87 8 35 62 93 INF 17 99 INF 51 80 INF 36 36 11
49 8 0 4 38 14 0 55 9 95 INF 40 83 38 7 77 65 52 83 66 76 INF INF 95 12 INF 23 88 INF 26 INF INF 5 70 41 42 1 54 17 64 INF INF INF 91 INF 17 54 INF 13 18 INF 52 INF INF INF 68 48 26 44 82 35 51 51 92 14 50 10 73 INF INF 0 7 80 56 7 52 23 68 42 58 71 49 9 22 INF 46 11 INF 2 3 5 2 26 97 58 INF 97 81 8 63
13 61 5 27 79 INF 55 0 50 47 INF 35 10 INF 41 INF 53 11 92 43 54 93 34 INF INF INF 63 78 83 34 86 51 95 INF INF 28 86 39 26 71 65 37 30 68 INF 43 24 50 52 4 62 16 53 66 1 87 80 36 75 45 48 35 46 51 28 26 33 100 98 74 97 INF 45 38 66 56 42 43 INF 97 69 71 32 INF INF 18 INF 42 8 98 INF 42 29 78 INF 22 40 51 38 38
37 40 76 26 13 INF 9 50 0 85 39 INF 23 83 82 25 INF 19 74 0 INF 88 16 81 58 91 47 62 43 19 INF 53 19 98 7 97 98 96 35 INF 96 98 INF 54 INF 94 82 69 44 2 95 90 3 5 4 83 92 56 INF 53 INF INF 6 49 93 INF 74 67 INF 80 23 17 INF 2 29 0 4 INF 49 4 97 11 98 24 INF 80 81 29 5 67 53 78 38 83 47 42 87 INF 87 26
37 24 20 INF 76 76 95 47 85 0 INF INF INF INF INF 78 75 65 54 33 INF 33 83 62 30 57 34 INF INF 92 INF 5 13 44 5 24 INF INF INF 41 INF 71 75 2 61 34 INF 66 10 42 97 21 56 65 INF INF INF 68 INF 31 100 4 87 5 60 7 74 68 37 49 30 13 84 15 25 14 73 INF INF 89 89 44 19 46 78 74 28 91 19 60 INF 84 INF 3 9 47 68 77 INF 89
80 12 86 38 63 73 INF INF 39 INF 0 92 91 63 82 82 INF 7 79 36 76 9 23 26 37 INF 38 15 54 INF 46 76 80 22 97 78 64 65 68 59 INF 99 INF 12 42 66 81 67 3 INF INF 39 95 94 21 82 INF 85 62 35 23 95 5 20 40 98 71 11 37 70 69 INF INF 50 44 2 76 INF 26 INF 69 85 58 86 30 22 INF 10 50 98 46 98 100 9 INF INF 84 INF 38 72
74 50 92 24 INF INF 40 35 INF INF 92 0 17 64 86 96 35 88 100 INF 26 12 17 31 83 18 0 22 9 25 74 23 5 93 INF 76 5 3 INF 24 97 1 70 INF 0 21 19 20 11 98 13 65 INF 42 INF 23 30 85 67 5 33 20 56 46 40 37 INF INF INF 29 88 3 71 76 52 4 69 93 38 INF 99 INF 59 45 INF 36 68 80 64 65 29 94 81 100 69 18 12 INF 89 INF
79 INF 37 58 55 16 83 10 23 INF 91 17 0 81 64 40 17 62 66 50 64 INF 34 93 INF 70 1 58 20 55 62 37 INF 46 67 86 INF 19 59 99 45 5 INF 44 42 INF 24 53 73 30 77 98 INF 87 80 INF 22 27 61 22 97 95 23 16 INF INF 7 45 INF 42 89 18 53 24 INF 91 75 21 INF INF 1 INF 89 97 60 INF 2 23 3 INF 39 40 56 3 36 INF 2 6 INF 22
42 71 5 INF INF 93 38 INF 83 INF 63 64 81 0 48 69 72 INF 43 21 INF INF 24 56 36 15 98 84 26 12 15 INF 35 48 48 11 90 60 27 7 76 14 INF 62 28 21 91 91 86 53 INF INF INF 26 75 62 57 38 69 71 INF 28 INF 66 INF 4 60 11 43 44 28 97 63 64 16 4 21 63 92 69 INF INF 52 INF INF INF 64 58 INF 69 40 60 89 52 26 INF 68 30 INF 87
87 INF 94 8 56 97 7 41 82 INF 82 86 64 48 0 31 51 INF 11 81 97 24 87 3 INF 0 22 43 INF INF INF 85 99 97 36 80 18 98 53 90 35 22 32 71 83 10 81 76 36 98 41 5 16 84 INF 70 96 53 45 98 94 INF 61 46 32 51 INF INF 16 INF 40 INF INF 57 13 INF 70 69 INF INF 49 25 92 34 INF 26 17 46 31 80 26 99 27 39 93 38 25 37 INF 44
INF INF INF INF 44 39 77 INF 25 78 82 96 40 69 31 0 99 2 54 87 67 67 INF 46 56 19 57 64 75 INF 76 INF 50 7 96 53 89 16 1 INF 88 21 78 79 1 100 62 69 57 48 72 INF 71 45 8 51 45 74 37 75 15 33 83 24 30 INF 68 100 62 INF 44 INF 16 29 80 75 9 INF 76 INF 95 88 85 INF 58 12 73 42 52 78 33 75 22 27 81 62 0 10 50 13
INF INF 18 52 18 67 65 53 INF 75 INF 35 17 72 51 99 0 94 1 37 38 58 32 INF 72 17 64 19 60 45 73 39 INF INF 9 18 38 77 54 70 63 48 INF 23 49 53 90 9 92 34 3 76 53 89 37 82 61 INF 77 15 62 43 78 15 77 6 28 46 25 INF 47 75 INF 17 75 0 INF 92 31 34 INF 52 93 INF 30 39 5 42 12 21 83 37 70 51 4 75 22 INF 7 13
53 52 29 78 12 40 52 11 19 65 7 88 62 INF INF 2 94 0 54 96 INF 4 60 80 77 68 INF 91 82 21 98 INF 80 12 12 33 INF 39 INF 31 INF 62 77 41 32 45 INF 78 32 6 25 59 43 84 57 30 20 53 40 76 54 18 96 INF INF 94 INF 34 INF 37 81 37 64 33 52 19 75 48 21 94 INF 43 INF 100 INF 42 INF 73 84 87 49 55 52 18 86 85 74 36 INF INF
28 91 INF 77 41 INF 83 92 74 54 79 100 66 43 11 54 1 54 0 INF 86 INF 83 21 31 22 79 30 13 INF 72 INF 63 67 61 INF 9 1 INF 38 89 18 INF INF 29 74 65 90 53 18 8 6 68 INF 35 28 33 INF 19 50 100 95 68 32 45 11 19 49 43 INF 82 INF 65 INF 57 51 90 43 INF 4 INF 5 5 37 43 1 46 68 53 31 91 95 91 INF 99 44 28 INF 80 INF
INF INF 99 12 83 12 66 43 0 33 36 INF 50 21 81 87 37 96 INF 0 56 INF 20 INF 31 83 55 50 4 93 100 80 82 97 50 33 8 0 INF 14 67 57 95 51 0 97 INF INF INF 90 INF 46 77 5 97 94 36 77 INF 40 INF 5 INF 92 62 INF 22 19 62 84 22 INF 60 91 92 INF 45 INF INF 81 INF 79 INF 30 INF 86 INF INF 40 INF INF 68 49 70 INF 91 82 3 INF 62
19 83 50 1 70 4 76 54 INF INF 76 26 64 INF 97 67 38 INF 86 56 0 63 8 53 53 2 INF 53 59 26 72 INF 54 24 82 INF 3 INF 31 INF 33 18 INF 19 75 57 27 25 0 13 INF 49 24 72 INF INF 11 22 INF 22 INF INF 33 75 28 13 80 97 INF INF 7 71 51 72 65 22 66 86 INF 89 69 23 19 40 61 74 35 20 41 19 23 INF INF 76 22 65 19 INF 82 4
5 INF 74 INF INF 50 INF 93 88 33 9 12 INF INF 24 67 58 4 INF INF 63 0 INF INF 87 26 68 18 55 18 1 65 65 85 28 INF 69 29 85 24 INF 61 25 46 INF 3 44 56 71 21 88 15 INF 22 67 INF 57 76 92 43 89 39 59 73 77 91 32 INF INF 40 73 33 10 50 39 13 98 25 82 INF INF 92 INF 78 94 INF 28 68 38 94 95 95 INF INF 21 42 25 INF 18 INF
37 48 33 89 50 INF INF 34 16 83 23 17 34 24 87 INF 32 60 83 20 8 INF 0 31 65 56 56 18 30 INF 9 49 75 INF 44 INF INF 80 73 74 98 46 INF 28 53 97 4 8 INF INF INF 88 INF 74 6 54 65 40 INF 13 INF INF 88 INF 11 86 INF 5 62 52 83 INF INF 83 50 INF 95 33 34 100 65 98 56 INF 90 0 91 INF INF INF 14 25 73 87 34 62 88 84 6 69
INF 59 8 88 47 INF 95 INF 81 62 26 31 93 56 3 46 INF 80 21 INF 53 INF 31 0 95 29 20 0 10 33 38 INF 7 77 31 27 80 3 14 18 INF 50 60 0 30 INF 48 66 39 91 60 13 INF 89 65 0 96 64 49 55 INF INF 3 23 1 1 INF 19 INF 54 22 72 INF 75 32 INF 9 57 59 46 75 50 60 16 7 INF 81 83 5 73 96 INF 5 7 INF 46 66 INF 44 14
56 77 10 59 61 78 12 INF 58 30 37 83 INF 36 INF 56 72 77 31 31 53 87 65 95 0 9 64 73 46 3 INF 28 7 INF INF 4 5 22 31 INF 74 18 71 42 9 INF 17 59 0 100 INF 53 54 24 9 INF INF 23 72 3 52 2 64 INF 36 INF 23 70 67 47 INF INF INF INF 77 INF 56 INF 9 INF 72 48 64 45 68 42 53 53 96 63 72 68 29 72 64 6 15 10 10 70
78 INF 71 INF 91 47 INF INF 91 57 INF 18 70 15 0 19 17 68 22 83 2 26 56 29 9 0 75 48 26 34 58 INF INF INF 87 INF INF INF 67 88 INF INF 96 25 77 76 39 INF 27 15 28 83 42 47 53 INF 17 96 INF INF 73 37 30 INF 24 85 87 15 INF 43 38 INF 12 INF INF 6 51 57 8 42 5 86 INF INF 99 INF 48 67 38 54 INF 5 26 75 INF 23 4 44 17 83
INF INF 13 25 52 0 23 63 47 34 38 0 1 98 22 57 64 INF 79 55 INF 68 56 20 64 75 0 5 4 10 34 86 73 50 12 INF 97 90 INF 55 INF 78 77 INF INF 0 3 3 15 79 INF 96 79 39 INF 79 20 INF INF 3 99 100 64 42 54 18 10 4 66 INF 56 87 38 14 27 24 7 INF 18 44 92 72 61 55 41 35 39 3 54 89 2 78 77 6 14 50 39 INF 14 98
72 65 27 65 36 92 88 78 62 INF 15 22 58 84 43 64 19 91 30 50 53 18 18 0 73 48 5 0 88 INF 30 13 INF 99 18 45 INF 30 29 50 27 25 INF 58 15 96 INF INF INF INF 95 70 27 INF 62 91 62 54 77 49 33 41 11 77 61 95 INF 89 25 42 2 INF 69 65 INF 66 56 INF 94 77 16 37 36 15 12 1 92 15 48 65 50 INF 81 INF 80 4 INF INF INF 97
75 45 37 73 12 83 INF 83 43 INF 54 9 20 26 INF 75 60 82 13 4 59 55 30 10 46 26 4 88 0 7 INF 41 59 27 88 54 INF 55 INF 13 79 5 94 INF 87 48 77 0 INF 59 83 45 50 52 78 16 0 INF 59 1 69 3 50 84 INF 100 INF INF 4 98 69 41 INF 39 31 99 22 82 INF INF INF 79 39 32 89 56 59 54 14 7 2 60 INF 57 79 59 23 2 41 INF
3 100 17 37 INF 54 26 34 19 92 INF 25 55 12 INF INF 45 21 INF 93 26 18 INF 33 3 34 10 INF 7 0 INF 25 51 75 46 49 INF 1 INF 76 79 74 96 INF 80 30 53 70 47 80 80 51 INF 7 INF 33 7 82 INF 26 69 49 9 INF 37 71 INF 34 95 98 39 51 75 26 INF 62 16 INF 74 INF 49 14 84 INF 65 10 48 83 94 54 97 92 81 59 28 63 83 67 INF 28
INF 69 11 25 43 4 INF 86 INF INF 46 74 62 15 INF 76 73 98 72 100 72 1 9 38 INF 58 34 30 INF INF 0 55 INF INF 57 14 26 3 32 73 81 73 16 17 81 9 40 INF 4 1 66 63 INF 13 38 20 12 56 INF 40 69 45 INF 22 68 15 82 81 90 2 21 INF 3 4 12 90 61 INF INF 92 6 24 16 61 62 INF INF 84 61 79 51 74 38 10 48 98 26 11 11 44
28 59 INF INF 39 INF INF 51 53 5 76 23 37 INF 85 INF 39 INF INF 80 INF 65 49 INF 28 INF 86 13 41 25 55 0 88 55 20 0 10 31 15 10 21 INF 53 INF 14 47 77 INF 28 64 59 INF 60 86 48 50 42 21 18 33 2 26 INF 66 80 1 39 75 INF 56 9 78 62 INF 3 87 INF 83 4 88 51 64 INF INF 41 INF 7 8 43 INF 31 31 2 INF 30 62 75 INF 61 77
INF 23 95 94 57 84 5 95 19 13 80 5 INF 35 99 50 INF 80 63 82 54 65 75 7 7 INF 73 INF 59 51 INF 88 0 60 26 INF INF 48 60 INF INF 98 INF INF 15 INF 76 3 62 99 55 23 69 42 0 0 10 100 88 89 68 INF 38 86 20 24 98 15 INF 100 83 INF 2 57 0 27 72 72 41 79 5 18 INF 60 9 INF 58 70 39 7 78 42 93 100 78 97 55 95 96 83
78 39 73 INF 21 56 70 INF 98 44 22 93 46 48 97 7 INF 12 67 97 24 85 INF 77 INF INF 50 99 27 75 INF 55 60 0 4 61 59 73 11 41 85 INF INF INF 89 41 26 88 66 INF 23 INF INF 18 30 89 75 82 100 81 62 54 7 80 40 16 INF 46 22 INF 79 2 38 87 INF 57 22 100 99 40 INF INF 67 70 88 69 65 7 54 INF 13 94 75 97 24 44 9 56 100 7
100 44 85 6 26 85 41 INF 7 5 97 INF 67 48 36 96 9 12 61 50 82 28 44 31 INF 87 12 18 88 46 57 20 26 4 0 31 87 25 67 15 89 69 3 INF 91 20 25 63 INF 10 INF 50 64 93 2 91 17 37 INF 62 44 INF 22 64 41 87 51 52 39 19 INF 21 27 29 33 46 INF 29 INF INF 9 79 52 70 9 INF INF 1 44 75 INF 39 28 24 37 63 77 38 INF 67
33 INF 59 INF 76 INF 42 28 97 24 78 76 86 11 80 53 18 33 INF 33 INF INF INF 27 4 INF INF 45 54 49 14 0 INF 61 31 0 39 92 81 35 7 47 21 89 23 INF 47 INF INF 41 INF 85 68 86 71 56 28 36 INF 93 73 45 77 84 INF 20 37 57 64 22 INF 10 27 72 60 97 INF 31 INF 59 62 INF INF 66 84 33 40 90 15 96 69 64 71 99 25 37 INF 48 95 INF
18 INF INF 42 17 91 1 86 98 INF 64 5 INF 90 18 89 38 INF 9 8 3 69 INF 80 5 INF 97 INF INF INF 26 10 INF 59 87 39 0 53 69 33 21 12 5 80 2 81 40 96 79 66 61 INF 92 48 9 62 78 84 INF 29 85 78 12 38 67 48 56 22 INF 66 7 2 81 45 89 46 49 INF INF 52 33 58 81 67 36 91 INF 55 20 62 8 INF 24 76 27 75 63 96 INF 13
94 62 77 52 5 INF 54 39 96 INF 65 3 19 60 98 16 77 39 1 0 INF 29 80 3 22 INF 90 30 55 1 3 31 48 73 25 92 53 0 0 17 53 27 10 INF 92 65 62 39 39 1 32 INF 21 21 31 98 83 INF 58 48 47 33 87 69 44 18 9 INF INF 12 INF 91 72 59 18 3 88 44 43 29 INF 89 21 59 80 21 INF 17 90 60 INF 39 51 37 INF 64 INF 17 26 INF
INF 90 30 INF 94 36 17 26 35 INF 68 INF 59 27 53 1 54 INF INF INF 31 85 73 14 31 67 INF 29 INF INF 32 15 60 11 67 81 69 0 0 74 92 15 46 INF INF INF 23 48 25 33 53 84 77 INF 13 77 31 48 88 26 INF INF INF 69 1 INF 90 93 21 30 35 9 8 84 66 66 80 4 86 16 INF 84 6 77 99 68 90 INF 99 63 65 0 78 96 15 0 64 19 54 4
80 90 50 67 36 1 64 71 INF 41 59 24 99 7 90 INF 70 31 38 14 INF 24 74 18 INF 88 55 50 13 76 73 10 INF 41 15 35 33 17 74 0 47 80 16 19 19 INF 22 57 3 80 69 91 92 49 45 0 85 86 26 87 45 43 59 59 INF 9 12 31 78 INF 58 31 INF 73 41 42 41 76 29 22 1 81 23 57 59 97 INF INF 56 INF 14 53 12 57 6 85 32 30 28 21
INF 3 80 INF 4 INF INF 65 96 INF INF 97 45 76 35 88 63 INF 89 67 33 INF 98 INF 74 INF INF 27 79 79 81 21 INF 85 89 7 21 53 92 47 0 19 INF 55 96 34 69 11 10 INF INF 66 85 41 86 51 INF 63 20 5 INF 58 91 29 67 81 INF 4 86 6 13 INF 47 58 54 INF 76 93 45 99 97 INF 53 24 24 30 51 93 64 82 6 92 56 INF 44 37 65 INF 93 45
5 58 32 76 33 30 INF 37 98 71 99 1 5 14 22 21 48 62 18 57 18 61 46 50 18 INF 78 25 5 74 73 INF 98 INF 69 47 12 27 15 80 19 0 66 61 54 5 INF 22 70 3 69 INF 2 20 INF 19 13 25 31 44 50 79 36 58 44 0 98 13 86 0 61 17 INF 73 32 INF INF 37 39 44 INF INF 47 40 INF 13 73 80 24 INF 49 60 95 36 23 82 51 13 INF INF
95 17 63 51 INF 78 INF 30 INF 75 INF 70 INF INF 32 78 INF 77 INF 95 INF 25 INF 60 71 96 77 INF 94 96 16 53 INF INF 3 21 5 10 46 16 INF 66 0 INF 61 85 88 98 54 42 95 INF 27 29 56 34 42 39 INF 47 60 80 INF 29 INF 23 78 51 88 INF 28 58 37 53 8 INF INF INF INF 51 100 55 0 73 76 10 INF 59 INF 54 53 INF 40 41 23 79 7 36 INF 37
93 40 2 55 73 86 91 68 54 2 12 INF 44 62 71 79 23 41 INF 51 19 46 28 0 42 25 INF 58 INF INF 17 INF INF INF INF 89 80 INF INF 19 55 61 INF 0 INF 30 36 INF 85 42 84 15 INF 34 INF 69 INF 84 82 72 41 INF 37 100 60 91 INF 16 28 63 26 7 91 90 64 23 61 74 61 INF 21 INF 66 22 73 90 INF 29 INF 36 53 INF 0 6 52 92 18 8 INF 59
INF 78 53 15 INF 71 INF INF INF 61 42 0 42 28 83 1 49 32 29 0 75 INF 53 30 9 77 INF 15 87 80 81 14 15 89 91 23 2 92 INF 19 96 54 61 INF 0 44 80 90 34 58 93 40 84 35 73 43 INF 54 8 100 8 91 33 1 18 INF 38 48 23 70 82 22 33 44 65 91 69 48 28 INF INF INF 47 INF 74 INF 58 13 9 49 20 44 38 36 21 82 76 INF INF 31
78 INF INF 11 11 INF 17 43 94 34 66 21 INF 21 10 100 53 45 74 97 57 3 97 INF INF 76 0 96 48 30 9 47 INF 41 20 INF 81 65 INF INF 34 5 85 30 44 0 INF 12 25 90 98 70 88 97 INF 74 20 INF 3 92 85 4 51 INF INF 47 51 83 10 35 72 73 36 5 14 99 22 INF 2 50 22 4 16 34 99 61 INF 61 51 INF 29 58 74 INF 4 64 68 94 82 45
60 13 INF 65 5 INF 54 24 82 INF 81 19 24 91 81 62 90 INF 65 INF 27 44 4 48 17 39 3 INF 77 53 40 77 76 26 25 47 40 62 23 22 69 INF 88 36 80 INF 0 0 65 INF 14 94 5 96 8 30 32 INF INF INF 6 89 INF 97 INF 16 90 99 66 77 98 50 92 62 38 INF 97 40 92 INF INF 30 20 66 33 INF INF 41 98 32 0 INF 75 97 INF 74 29 68 45 55
86 54 88 88 80 59 INF 50 69 66 67 20 53 91 76 69 9 78 90 INF 25 56 8 66 59 INF 3 INF 0 70 INF INF 3 88 63 INF 96 39 48 57 11 22 98 INF 90 12 0 0 100 47 20 74 10 69 26 42 INF 48 39 INF 8 80 84 9 4 15 19 45 41 14 4 INF 46 25 36 INF INF INF 60 INF 15 97 80 52 65 90 92 82 26 INF 5 41 INF INF 3 62 45 63 78 INF
86 40 INF 3 13 78 13 52 44 10 3 11 73 86 36 57 92 32 53 INF 0 71 INF 39 0 27 15 INF INF 47 4 28 62 66 INF INF 79 39 25 3 10 70 54 85 34 25 65 100 0 52 64 60 81 87 27 62 94 67 75 67 61 66 INF 4 35 INF 31 27 43 84 14 73 98 10 2 88 48 INF 99 48 INF 54 95 77 28 41 62 INF 62 41 21 37 46 64 47 65 28 INF 76 INF
62 INF INF INF INF INF 18 4 2 42 INF 98 30 53 98 48 34 6 18 90 13 21 INF 91 100 15 79 INF 59 80 1 64 99 INF 10 41 66 1 33 80 INF 3 42 42 58 90 INF 47 52 0 INF INF INF 12 76 52 86 80 67 51 77 83 70 85 31 83 76 77 44 2 INF INF INF 33 45 50 9 52 93 INF INF 9 82 4 22 44 79 96 75 21 94 21 63 89 88 40 89 82 88 7
71 10 49 INF 5 31 INF 62 95 97 INF 13 77 INF 41 72 3 25 8 INF INF 88 INF 60 INF 28 INF 95 83 80 66 59 55 23 INF INF 61 32 53 69 INF 69 95 84 93 98 14 20 64 INF 0 13 62 34 66 INF 44 23 73 85 41 13 23 33 16 3 INF 40 23 47 40 4 53 81 61 92 INF 100 INF 11 89 23 2 15 INF 23 73 65 53 5 23 99 91 INF 67 INF 85 12 INF 89
90 52 38 0 63 50 52 16 90 21 39 65 98 INF 5 INF 76 59 6 46 49 15 88 13 53 83 96 70 45 51 63 INF 23 INF 50 85 INF INF 84 91 66 INF INF 15 40 70 94 74 60 INF 13 0 INF INF INF 89 84 75 INF 56 73 37 INF 23 27 52 41 89 74 95 0 10 73 13 5 18 20 70 INF 34 54 91 INF 62 5 89 32 INF INF 29 88 52 36 INF 28 89 INF 92 INF 70
54 55 84 51 83 51 INF 53 3 56 95 INF INF INF 16 71 53 43 68 77 24 INF INF INF 54 42 79 27 50 INF INF 60 69 INF 64 68 92 21 77 92 85 2 27 INF 84 88 5 10 81 INF 62 INF 0 45 89 16 58 31 3 79 48 49 92 54 INF 89 14 42 87 9 47 86 10 49 98 89 75 69 44 68 97 60 4 INF 81 15 85 95 76 1 INF INF 2 13 INF INF 24 14 23 INF
INF INF 29 89 61 31 INF 66 5 65 94 42 87 26 84 45 89 84 INF 5 72 22 74 89 24 47 39 INF 52 7 13 86 42 18 93 86 48 21 INF 49 41 20 29 34 35 97 96 69 87 12 34 INF 45 0 72 82 INF INF 67 67 35 INF 3 39 50 45 37 INF 78 INF INF 53 INF 73 70 82 92 80 66 15 17 14 INF INF 87 INF 27 53 63 44 18 86 4 4 7 32 INF 20 93 4
88 INF 71 93 46 16 INF 1 4 INF 21 INF 80 75 INF 8 37 57 35 97 INF 67 6 65 9 53 INF 62 78 INF 38 48 0 30 2 71 9 31 13 45 86 INF 56 INF 73 INF 8 26 27 76 66 INF 89 72 0 31 96 55 25 78 65 1 52 INF 16 0 69 39 68 26 41 15 0 86 35 INF 33 INF INF INF 97 66 4 INF 44 63 10 47 67 11 22 INF 83 46 100 100 71 83 INF 86
INF 95 0 70 87 96 68 87 83 INF 82 23 INF 62 70 51 82 30 28 94 INF INF 54 0 INF INF 79 91 16 33 20 50 0 89 91 56 62 98 77 0 51 19 34 69 43 74 30 42 62 52 INF 89 16 82 31 0 INF 28 24 57 34 90 INF INF 59 INF 92 55 65 66 INF 64 56 90 3 29 70 INF 57 INF 63 61 69 INF 99 81 86 INF 1 3 48 77 INF 56 1 35 86 9 INF 93
97 11 INF 19 13 27 48 80 92 INF INF 30 22 57 96 45 61 20 33 36 11 57 65 96 INF 17 20 62 0 7 12 42 10 75 17 28 78 83 31 85 INF 13 42 INF INF 20 32 INF 94 86 44 84 58 INF 96 INF 0 33 99 44 INF 49 95 67 INF INF 99 28 7 20 INF INF 24 63 0 40 43 52 17 15 14 11 66 18 42 75 INF 86 INF INF 14 69 46 34 38 6 27 INF 22 7
39 INF 37 56 54 47 26 36 56 68 85 85 27 38 53 74 INF 53 INF 77 22 76 40 64 23 96 INF 54 INF 82 56 21 100 82 37 36 84 INF 48 86 63 25 39 84 54 INF INF 48 67 80 23 75 31 INF 55 28 33 0 10 14 INF 29 43 INF 30 26 INF 56 42 INF INF 63 16 INF 3 45 58 72 22 INF INF 28 INF INF 40 INF INF INF 91 50 63 INF INF INF 86 50 96 5 INF 8
26 82 INF 27 58 INF 44 75 INF INF 62 67 61 69 45 37 77 40 19 INF INF 92 INF 49 72 INF INF 77 59 INF INF 18 88 100 INF INF INF 58 88 26 20 31 INF 82 8 3 INF 39 75 67 73 INF 3 67 25 24 99 10 0 88 32 INF 70 58 55 74 INF 62 29 INF 54 5 INF INF 5 20 18 93 87 32 INF 89 38 81 52 63 55 64 48 36 7 98 77 32 48 49 52 64 8 15
51 63 36 INF 86 INF 82 45 53 31 35 5 22 71 98 75 15 76 50 40 22 43 13 55 3 INF 3 49 1 26 40 33 89 81 62 93 29 48 26 87 5 44 47 72 100 92 INF INF 67 51 85 56 79 67 78 57 44 14 88 0 40 INF 84 95 49 91 7 60 20 60 48 44 INF 96 78 86 59 INF 75 92 INF 90 78 56 59 63 89 91 98 69 93 24 28 INF 91 42 20 18 81 61
95 77 4 18 12 86 35 48 INF 100 23 33 97 INF 94 15 62 54 100 INF INF 89 INF INF 52 73 99 33 69 69 69 2 68 62 44 73 85 47 INF 45 INF 50 60 41 8 85 6 8 61 77 41 73 48 35 65 34 INF INF 32 40 0 31 76 87 INF 91 INF 1 INF 50 24 INF 86 42 18 INF 80 INF 39 85 57 72 34 INF 97 32 92 88 INF 67 9 87 33 INF 98 74 89 93 35 80
55 2 45 34 21 47 51 35 INF 4 95 20 95 28 INF 33 43 18 95 5 INF 39 INF INF 2 37 100 41 3 49 45 26 INF 54 INF 45 78 33 INF 43 58 79 80 INF 91 4 89 80 66 83 13 37 49 INF 1 90 49 29 INF INF 31 0 9 INF 57 8 14 9 38 44 84 4 37 47 28 30 61 INF INF 10 24 56 54 92 68 7 98 57 79 72 35 84 INF 29 INF INF 7 INF 31 1
INF 70 INF INF INF 37 51 46 6 87 5 56 23 INF 61 83 78 96 68 INF 33 59 88 3 64 30 64 11 50 9 INF INF 38 7 22 77 12 87 INF 59 91 36 INF 37 33 51 INF 84 INF 70 23 INF 92 3 52 INF 95 43 70 84 76 9 0 86 INF 1 41 69 INF 54 26 2 30 66 INF 39 29 67 INF 59 2 2 95 67 28 41 62 41 16 60 INF 7 46 INF 85 85 6 45 72 80
55 45 0 5 69 39 92 51 49 5 20 46 16 66 46 24 15 INF 32 92 75 73 INF 23 INF INF 42 77 84 INF 22 66 86 80 64 84 38 69 69 59 29 58 29 100 1 INF 97 9 4 85 33 23 54 39 INF INF 67 INF 58 95 87 INF 86 0 13 61 97 INF 1 54 INF 95 45 42 35 4 63 86 72 92 74 15 39 INF 17 31 70 95 79 52 43 85 79 38 36 70 INF 46 53 30
87 INF INF 30 85 29 14 28 93 60 40 40 INF INF 32 30 77 INF 45 62 28 77 11 1 36 24 54 61 INF 37 68 80 20 40 41 INF 67 44 1 INF 67 44 INF 60 18 INF INF 4 35 31 16 27 INF 50 16 59 INF 30 55 49 INF 57 INF 13 0 43 81 72 48 86 INF INF INF 46 INF 71 50 92 3 55 70 80 49 48 20 INF 40 72 33 80 32 57 29 94 54 77 INF 19 97 INF
23 24 5 23 7 17 50 26 INF 7 98 37 INF 4 51 INF 6 94 11 INF 13 91 86 1 INF 85 18 95 100 71 15 1 24 16 87 20 48 18 INF 9 81 0 23 91 INF 47 16 15 INF 83 3 52 89 45 0 INF INF 26 74 91 91 8 1 61 43 0 87 46 23 95 55 INF INF 47 35 87 INF INF 6 32 15 51 73 67 36 INF 100 54 INF 74 60 INF 83 68 65 68 46 7 INF 87
7 36 INF INF 18 59 10 33 74 74 71 INF 7 60 INF 68 28 INF 19 22 80 32 INF INF 23 87 10 INF INF INF 82 39 98 INF 51 37 56 9 90 12 INF 98 78 INF 38 51 90 19 31 76 INF 41 14 37 69 92 99 INF INF 7 INF 14 41 97 81 87 0 INF INF 45 89 60 INF 57 70 64 47 11 INF 62 85 42 14 92 INF 11 92 74 INF 89 50 12 23 INF 57 13 17 54 18 13
INF 39 83 85 67 3 73 100 67 68 11 INF 45 11 INF 100 46 34 49 19 97 INF 5 19 70 15 4 89 INF 34 81 75 15 46 52 57 22 INF 93 31 4 13 51 16 48 83 99 45 27 77 40 89 42 INF 39 55 28 56 62 60 1 9 69 INF 72 46 INF 0 71 74 17 INF 71 60 96 57 87 62 INF 95 INF 30 13 10 96 10 25 40 36 37 81 INF 19 68 99 INF 82 48 57 24
66 42 12 100 29 INF INF 98 INF 37 37 INF INF 43 16 62 25 INF 43 62 INF INF 62 INF 67 INF 66 25 4 95 90 INF INF 22 39 64 INF INF 21 78 86 86 88 28 23 10 66 41 43 44 23 74 87 78 68 65 7 42 29 20 INF 38 INF 1 48 23 INF 71 0 1 24 INF INF 75 7 92 29 6 95 25 28 INF 68 53 79 87 49 96 81 19 96 69 45 54 31 82 39 INF 45 98
64 INF 71 50 INF 21 INF 74 80 49 70 29 42 44 INF INF INF 37 INF 84 INF 40 52 54 47 43 INF 42 98 98 2 56 100 INF 19 22 66 12 30 INF 6 0 INF 63 70 35 77 14 84 2 47 95 9 INF 26 66 20 INF INF 60 50 44 54 54 86 95 45 74 1 0 53 INF 40 99 37 60 43 68 55 3 27 43 51 44 62 7 INF 33 90 INF INF 35 14 93 83 29 49 41 INF INF
26 48 46 49 INF 38 0 97 23 30 69 88 89 28 40 44 47 81 82 22 7 73 83 22 INF 38 56 2 69 39 21 9 83 79 INF INF 7 INF 35 58 13 61 28 26 82 72 98 4 14 INF 40 0 47 INF 41 INF INF INF 54 48 24 84 26 INF INF 55 89 17 24 53 0 INF 9 61 98 13 INF 94 90 95 13 27 19 INF 21 20 INF 89 2 27 75 26 25 6 59 69 96 INF 67 13
63 INF 28 24 98 INF 7 INF 17 13 INF 3 18 97 INF INF 75 37 INF INF 71 33 INF 72 INF INF 87 INF 41 51 INF 78 INF 2 21 10 2 91 9 31 INF 17 58 7 22 73 50 INF 73 INF 4 10 86 53 15 64 INF 63 5 44 INF 4 2 95 INF INF 60 INF INF INF INF 0 95 37 15 54 82 39 40 INF 89 2 42 89 13 INF 85 4 82 15 31 59 INF 89 17 95 3 INF 64 46
2 53 8 54 28 13 80 45 INF 84 INF 71 53 63 INF 16 INF 64 65 60 51 10 INF INF INF 12 38 69 INF 75 3 62 2 38 27 27 81 72 8 INF 47 INF 37 91 33 36 92 46 98 INF 53 73 10 INF 0 56 24 16 INF INF 86 37 30 45 INF INF INF 71 INF 40 9 95 0 80 INF 40 INF INF 97 67 39 85 32 INF 52 27 81 56 20 11 87 INF INF 58 83 INF 82 INF 85 21
48 32 97 68 70 INF 56 38 2 15 50 76 24 64 57 29 17 33 INF 91 72 50 83 75 INF INF 14 65 39 26 4 INF 57 87 29 72 45 59 84 73 58 73 53 90 44 5 62 25 10 33 81 13 49 73 86 90 63 INF INF 96 42 47 66 42 46 47 57 60 75 99 61 37 80 0 66 8 15 INF 25 25 3 14 20 88 79 85 INF 8 30 35 13 88 62 22 23 INF 33 INF 96 36
74 72 80 81 94 66 7 66 29 25 44 52 INF 16 13 80 75 52 57 92 65 39 50 32 77 INF 27 INF 31 INF 12 3 0 INF 33 60 89 18 66 41 54 32 8 64 65 14 38 36 2 45 61 5 98 70 35 3 0 3 5 78 18 28 INF 35 INF 35 70 96 7 37 98 15 INF 66 0 72 49 2 99 82 22 17 59 52 73 79 INF INF INF 55 90 INF 64 78 48 17 64 INF 97 44
14 98 INF 16 INF 0 52 56 0 14 2 4 91 4 INF 75 0 19 51 INF 22 13 INF INF INF 6 24 66 99 62 90 87 27 57 46 97 46 3 66 42 INF INF INF 23 91 99 INF INF 88 50 92 18 89 82 INF 29 40 45 20 86 INF 30 39 4 71 87 64 57 92 60 13 54 40 8 72 0 INF INF INF 12 INF 74 69 49 53 14 42 INF 30 INF 53 INF 14 87 12 39 94 22 89 34
9 3 6 84 62 81 23 42 4 73 76 69 75 21 70 9 INF 75 90 45 66 98 95 9 56 51 7 56 22 16 61 INF 72 22 INF INF 49 88 80 41 76 INF INF 61 69 22 97 INF 48 9 INF 20 75 92 33 70 43 58 18 59 80 61 29 63 50 INF 47 87 29 43 INF 82 INF 15 49 INF 0 80 INF 5 33 28 95 89 2 25 52 71 INF 4 86 81 89 56 87 48 85 80 46 94
INF 74 66 3 72 INF 68 43 INF INF INF 93 21 63 69 INF 92 48 43 INF 86 25 33 57 INF 57 INF INF 82 INF INF 83 72 100 29 31 INF 44 4 76 93 37 INF 74 48 INF 40 INF INF 52 100 70 69 80 INF INF 52 72 93 INF INF INF 67 86 92 INF 11 62 6 68 94 39 INF INF 2 INF 80 0 82 INF INF 24 9 21 34 81 67 76 55 49 56 43 7 27 98 95 49 86 70 10
36 INF 24 INF 94 65 42 INF 49 INF 26 38 INF 92 INF 76 31 21 INF INF INF 82 34 59 9 8 18 94 INF 74 INF 4 41 99 INF INF INF 43 86 29 45 39 INF 61 28 2 92 60 99 93 INF INF 44 66 INF 57 17 22 87 75 39 INF INF 72 3 6 INF INF 95 55 90 40 97 25 99 INF INF 82 0 14 95 32 64 49 61 11 37 73 98 65 96 60 97 INF 95 INF INF 44 55 7
95 65 21 10 38 13 58 97 4 89 INF INF INF 69 INF INF 34 94 4 81 89 INF 100 46 INF 42 44 77 INF INF 92 88 79 40 INF 59 52 29 16 22 99 44 51 INF INF 50 INF INF 48 INF 11 34 68 15 INF INF 15 INF 32 92 85 10 59 92 55 32 62 95 25 3 95 INF 67 25 82 12 5 INF 14 0 67 51 INF 97 INF 89 14 INF 70 67 77 29 INF 3 78 84 4 44 92 9
54 36 78 1 90 34 71 69 97 89 69 99 1 INF 49 95 INF INF INF INF 69 INF 65 75 72 5 92 16 INF 49 6 51 5 INF 9 62 33 INF INF 1 97 INF 100 21 INF 22 INF 15 INF INF 89 54 97 17 97 63 14 INF INF INF 57 24 2 74 70 15 85 INF 28 27 13 89 39 3 22 INF 33 INF 95 67 0 37 54 80 94 53 88 34 INF INF INF 3 INF 62 14 26 47 17 74 41
74 8 31 62 67 74 49 71 11 44 85 INF INF INF 25 88 52 43 5 79 23 92 98 50 48 86 72 37 79 14 24 64 18 INF 79 INF 58 89 84 81 INF INF 55 INF INF 4 30 97 54 9 23 91 60 14 66 61 11 28 89 90 72 56 2 15 80 51 42 30 INF 43 27 2 85 14 17 74 28 24 32 51 37 0 90 INF 99 43 INF 81 56 2 86 26 INF 62 13 6 79 16 69 76
INF 85 INF 46 11 12 9 32 98 19 58 59 89 52 92 85 93 INF 5 INF 19 INF 56 60 64 INF 61 36 39 84 16 INF INF 67 52 INF 81 21 6 23 53 47 0 66 47 16 20 80 95 82 2 INF 4 INF 4 69 66 INF 38 78 34 54 95 39 49 73 14 13 68 51 19 42 32 20 59 69 95 9 64 INF 54 90 0 INF 99 INF INF 91 36 95 86 34 INF 14 24 22 28 INF INF INF
67 98 32 92 44 90 22 INF 24 46 86 45 97 INF 34 INF INF 100 37 30 40 78 INF 16 45 INF 55 15 32 INF 61 INF 60 70 70 66 67 59 77 57 24 40 73 22 INF 34 66 52 77 4 15 62 INF INF INF INF 18 INF 81 56 INF 92 67 INF 48 67 92 10 53 44 INF 89 INF 88 52 49 89 21 49 97 80 INF INF 0 INF 84 97 61 33 INF 6 87 INF 6 37 54 48 1 23 INF
INF 23 77 INF 97 29 INF INF INF 78 30 INF 60 INF INF 58 30 INF 43 INF 61 94 90 7 68 99 41 12 89 65 62 41 9 88 9 84 36 80 99 59 24 INF 76 73 74 99 33 65 28 22 INF 5 81 87 44 99 42 40 52 59 97 68 28 17 20 36 INF 96 79 62 21 13 52 79 73 53 2 34 61 INF 94 99 99 INF 0 49 4 3 72 29 INF 30 15 92 95 INF 70 INF 15 26
25 57 26 93 9 87 46 18 80 74 22 36 INF INF 26 12 39 42 1 86 74 INF 0 INF 42 INF 35 1 56 10 INF INF INF 69 INF 33 91 21 68 97 30 13 10 90 INF 61 INF 90 41 44 23 89 15 INF 63 81 75 INF 63 63 32 7 41 31 INF INF 11 10 87 7 20 INF 27 85 79 14 25 81 11 89 53 43 INF 84 49 0 3 25 20 INF 35 INF 93 94 11 93 INF INF 76 47
73 57 INF 0 INF 8 11 INF 81 28 INF 68 2 64 17 73 5 INF 46 INF 35 28 91 81 53 48 39 92 59 48 INF 7 58 65 INF 40 INF INF 90 INF 51 73 INF INF 58 INF INF 92 62 79 73 32 85 27 10 86 INF INF 55 89 92 98 62 70 40 100 92 25 49 INF INF 85 81 INF INF 42 52 67 37 14 88 INF INF 97 4 3 0 58 7 22 4 81 45 INF INF INF INF 46 38 69
23 44 99 7 INF 35 INF 42 29 91 10 80 23 58 46 42 42 73 68 INF 20 68 INF 83 53 67 3 15 54 83 84 8 70 7 1 90 55 17 INF INF 93 80 59 29 13 61 41 82 INF 96 65 INF 95 53 47 INF 86 INF 64 91 88 57 41 95 72 54 74 40 96 33 89 4 56 8 INF INF 71 76 73 INF 34 81 91 61 3 25 58 0 9 94 48 4 60 74 27 7 21 67 25 88
INF INF INF 63 94 62 2 8 5 19 50 64 3 INF 31 52 12 84 53 40 41 38 INF 5 96 38 54 48 14 94 61 43 39 54 44 15 20 90 99 56 64 24 INF INF 9 51 98 26 62 75 53 INF 76 63 67 1 INF 91 48 98 INF 79 16 79 33 INF INF 36 81 90 2 82 20 30 INF 30 INF 55 98 70 INF 56 36 33 72 20 7 9 0 51 INF 99 83 90 INF 28 INF 3 0 92
56 73 58 92 3 93 3 98 67 60 98 65 INF 69 80 78 21 87 31 INF 19 94 INF 73 63 54 89 65 7 54 79 INF 7 INF 75 96 62 60 63 INF 82 INF 54 36 49 INF 32 INF 41 21 5 29 1 44 11 3 INF 50 36 69 67 72 60 52 80 74 89 37 19 INF 27 15 11 35 55 INF 4 49 65 67 INF 2 95 INF 29 INF 22 94 51 0 82 16 17 8 INF 74 26 88 18 INF
22 11 INF 16 18 INF 5 INF 53 INF 46 29 39 40 26 33 83 49 91 INF 23 95 14 96 72 INF 2 50 2 97 51 31 78 13 INF 69 8 INF 65 14 6 49 53 53 20 29 0 5 21 94 23 88 INF 18 22 48 14 63 7 93 9 35 INF 43 32 60 50 81 96 INF 75 31 87 13 90 53 86 56 96 77 INF 86 86 6 INF 35 4 48 INF 82 0 7 17 71 70 81 32 36 39 60
58 59 19 90 67 17 2 42 78 84 98 94 40 60 99 75 37 55 95 68 INF 95 25 INF 68 5 78 INF 60 92 74 31 42 94 39 64 INF 39 0 53 92 60 INF INF 44 58 INF 41 37 21 99 52 INF 86 INF 77 69 INF 98 24 87 84 7 85 57 INF 12 INF 69 35 26 59 INF 88 INF INF 81 43 60 29 3 26 34 87 30 INF 81 4 99 16 7 0 81 8 INF 96 39 9 42 83
INF 67 19 INF 79 99 26 29 38 INF 100 81 56 89 27 22 70 52 91 49 INF INF 73 5 29 26 77 81 INF 81 38 2 93 75 28 71 24 51 78 12 56 95 40 0 38 74 75 INF 46 63 91 36 2 4 83 INF 46 INF 77 28 33 INF 46 79 29 83 23 19 45 14 25 INF INF 62 64 14 89 7 97 INF INF INF INF INF 15 93 45 60 83 17 17 81 0 77 58 16 3 27 27 INF
83 INF INF 68 INF INF 97 78 83 3 9 100 3 52 39 27 51 18 INF 70 76 INF 87 7 72 75 6 INF 57 59 10 INF 100 97 24 99 76 37 96 57 INF 36 41 6 36 INF 97 INF 64 89 INF INF 13 4 46 56 34 INF 32 INF INF 29 INF 38 94 68 INF 68 54 93 6 89 58 22 78 87 56 27 INF 3 62 62 14 6 92 94 INF 74 90 8 71 8 77 0 24 87 25 37 66 13
INF 74 18 79 41 51 58 INF 47 9 INF 69 36 26 93 81 4 86 99 INF 22 21 34 INF 64 INF 14 80 79 28 48 30 78 24 37 25 27 INF 15 6 44 23 23 52 21 4 INF 3 47 88 67 28 INF 7 100 1 38 86 48 91 98 INF 85 36 54 65 57 99 31 83 59 17 83 23 48 12 87 98 95 78 14 13 24 37 95 11 INF 27 INF INF 70 INF 58 24 0 45 4 74 36 95
92 95 0 31 INF 80 INF 22 42 47 INF 18 INF INF 38 62 75 85 44 91 65 42 62 46 6 23 50 4 59 63 98 62 97 44 63 37 75 64 0 85 37 82 79 92 82 64 74 62 65 40 INF 89 INF 32 100 35 6 50 49 42 74 INF 85 70 77 68 13 INF 82 29 69 95 INF INF 17 39 48 95 INF 84 26 6 22 54 INF 93 INF 7 28 74 81 96 16 87 45 0 22 30 69 59
8 92 42 94 INF INF 97 40 87 68 84 12 2 68 25 0 22 74 28 82 19 25 88 66 15 4 39 INF 23 83 26 75 55 9 77 INF 63 INF 64 32 65 51 7 18 76 68 29 45 28 89 85 INF 24 INF 71 86 27 96 52 20 89 7 6 INF INF 46 17 82 39 49 96 3 82 33 64 94 85 49 INF 4 47 79 28 48 70 INF INF 21 INF 26 32 39 3 25 4 22 0 36 81 99
INF 34 64 96 7 36 81 51 INF 77 INF INF 6 30 37 10 INF 36 INF 3 INF INF 84 INF 10 44 INF INF 2 67 11 INF 95 56 38 48 96 17 19 30 INF 13 36 8 INF 94 68 63 INF 82 12 92 14 20 83 9 INF 5 64 18 93 INF 45 46 19 7 54 48 INF 41 INF INF INF INF INF 22 80 86 44 44 17 16 INF 1 INF INF 46 67 3 88 36 9 27 37 74 30 36 0 INF 9
33 92 8 48 INF 36 8 38 87 INF 38 89 INF INF INF 50 7 INF 80 INF 82 18 6 44 10 17 14 INF 41 INF 11 61 96 100 INF 95 INF 26 54 28 93 INF INF INF INF 82 45 78 76 88 INF INF 23 93 INF INF 22 INF 8 81 35 31 72 53 97 INF 18 57 45 INF 67 64 85 96 97 89 46 70 55 92 74 69 INF 23 15 76 38 25 0 18 39 42 27 66 36 69 81 INF 0 61
2 4 58 64 INF 11 63 38 26 89 72 INF 22 87 44 13 13 INF INF 62 4 INF 69 14 70 83 98 97 INF 28 44 77 83 7 67 INF 13 INF 4 21 45 INF 37 59 31 45 55 INF INF 7 89 70 INF 4 86 93 7 8 15 61 80 1 80 30 INF 87 13 24 98 INF 13 46 21 36 44 34 94 10 7 9 41 76 INF INF 26 47 69 88 92 INF 60 83 INF 13 95 59 99 9 61 0
