100
0 INF 64 11 12 94 85 8 86 INF 63 75 48 33 11 55 55 INF INF 30 85 14 83 8 17 20 3 INF 76 INF 65 INF 96 82 53 96 93 59 INF INF 9 47 6 81 89 41 72 56 0 90 70 52 6 26 2 25 INF INF 25 15 5 18 10 52 93 79 87 67 16 34 77 15 23 86 INF INF 47 47 32 58 25 55 INF 69 10 INF 28 27 INF 79 95 26 83 63 10 INF 43 50 61 99
INF 0 21 73 49 77 80 17 40 13 42 47 INF 91 INF 54 5 56 INF 100 4 36 2 49 71 41 INF 88 32 64 42 46 66 71 41 80 INF 90 25 86 INF 99 77 32 80 INF 2 INF 66 INF 100 INF 76 34 88 76 11 63 0 88 INF 5 13 83 10 INF INF 79 62 8 48 38 81 59 INF 77 INF 97 84 12 0 71 87 INF 60 92 66 25 INF 36 8 INF 34 66 92 96 INF 87 INF INF
64 21 0 66 21 76 21 75 56 60 INF 71 44 INF INF INF 56 86 INF 66 16 67 51 79 55 53 INF 28 95 18 18 INF 80 72 61 94 72 29 92 64 24 66 61 INF 27 16 70 70 INF 78 INF INF 6 70 7 47 INF INF 90 INF 38 56 21 INF 55 48 26 27 12 13 INF 37 18 INF 51 0 94 88 89 62 28 73 47 4 94 11 97 90 25 47 INF 72 4 47 INF 94 26 33 8 INF
11 73 66 0 2 73 44 0 72 11 7 31 100 15 33 INF 73 23 46 INF 43 INF 1 79 INF 30 49 26 INF 39 1 31 INF 94 INF 21 INF 19 75 INF 17 72 INF 98 82 97 79 42 20 INF 0 6 51 94 84 12 INF 78 71 INF INF 48 39 82 79 74 94 44 27 28 75 82 75 63 40 36 85 93 INF 95 INF 3 67 INF 46 68 79 0 58 84 57 2 31 22 INF 6 INF INF INF 65
12 49 21 2 0 17 INF 37 90 18 66 30 28 29 93 40 25 28 15 INF 79 8 57 INF INF 94 INF 91 INF 72 INF 88 39 90 84 INF 0 21 3 45 INF 10 0 INF 55 45 38 30 25 INF 58 INF 56 INF 56 5 25 17 73 14 80 38 INF 27 35 2 INF 28 72 63 64 74 73 76 INF 62 52 41 54 50 47 32 33 29 49 43 45 84 93 71 96 INF 57 38 59 INF 74 INF 69 5
94 77 76 73 17 0 64 16 INF 14 30 INF INF INF 11 24 8 42 INF 56 15 INF 77 18 86 INF 75 81 77 66 21 INF INF 71 INF 69 19 16 15 32 INF 28 96 66 5 55 INF INF 83 INF 8 INF 10 INF 94 INF INF 94 INF INF INF 92 INF 27 85 85 31 INF 36 28 32 74 40 83 INF 16 53 46 65 41 12 38 INF 13 50 22 98 INF 31 61 83 1 63 27 72 76 88 61 64 88
85 80 21 44 INF 64 0 59 INF 66 24 INF 19 22 53 60 82 9 8 49 73 72 78 INF 9 INF 19 INF 51 66 2 29 INF 100 0 94 80 84 8 39 93 16 49 12 69 87 25 53 83 35 45 87 17 50 50 19 2 60 36 INF 55 18 INF 55 49 INF 75 61 63 55 17 16 26 25 41 63 76 18 64 24 5 22 4 57 19 52 92 INF 3 0 95 79 44 6 40 20 5 INF 57 13
8 17 75 0 37 16 59 0 83 50 63 78 2 INF 25 100 16 2 73 34 62 11 92 62 51 25 19 56 31 INF INF 96 35 41 16 INF 96 4 INF 45 31 66 INF 51 59 7 INF 59 45 INF 13 59 32 25 11 11 11 37 25 52 31 34 77 65 74 42 51 98 33 84 10 INF 9 45 10 45 17 INF 84 1 INF 66 INF 55 66 INF 1 98 49 20 42 66 59 INF 96 13 87 48 INF 0
86 40 56 72 90 INF INF 83 0 55 46 77 82 54 94 13 38 14 87 68 75 28 33 78 95 INF INF 37 42 64 99 24 43 60 92 5 49 55 70 95 48 12 INF 46 INF 60 78 4 85 INF 90 22 85 83 INF 35 14 0 57 INF 3 23 63 11 18 62 72 45 62 50 74 94 INF INF 89 45 INF 58 37 65 16 99 71 79 38 39 INF 33 30 40 INF 99 7 24 27 51 33 2 INF 43
INF 13 60 11 18 14 66 50 55 0 INF 65 0 22 0 44 54 79 79 67 22 58 94 INF 18 INF 44 77 64 75 INF 79 27 59 62 INF 20 8 21 82 30 53 INF INF 43 INF 87 INF 58 24 42 72 INF 75 57 51 78 49 98 INF 13 INF 10 76 INF INF 76 86 96 INF INF 90 INF 22 20 INF INF 91 INF 48 44 INF 86 87 38 8 73 91 INF 52 97 INF 70 97 INF 26 47 71 36 98
63 42 INF 7 66 30 24 63 46 INF 0 49 25 56 50 INF 97 24 81 INF 30 INF 14 24 23 25 INF INF 1 66 97 38 40 INF INF 79 95 42 INF INF 28 58 26 49 INF INF 99 59 24 INF 88 90 22 79 13 INF 92 31 73 4 50 87 19 35 50 79 75 72 34 69 98 INF 22 63 21 7 INF 40 3 15 51 INF 75 86 71 22 40 36 37 INF 63 INF 27 68 81 INF INF 88 60 35
75 47 71 31 30 INF INF 78 77 65 49 0 19 98 30 73 56 2 72 84 91 29 68 53 93 90 57 28 84 INF 56 INF 65 11 83 90 98 INF 84 68 79 15 34 41 74 37 50 INF 14 INF 83 31 31 74 43 73 93 36 76 5 98 47 19 INF 3 33 INF INF 48 75 INF 94 44 13 INF INF INF 16 32 INF INF 100 92 72 39 19 14 38 67 88 INF 76 72 71 35 95 54 INF 98 4
48 INF 44 100 28 INF 19 2 82 0 25 19 0 66 78 83 INF 55 60 85 67 INF 45 65 29 42 17 28 51 12 5 30 18 8 71 88 0 INF INF 35 57 38 INF 51 16 5 INF 61 INF 83 INF 50 25 17 INF 95 11 16 20 93 15 19 9 96 26 59 41 INF 32 92 49 59 INF INF 19 61 INF 14 26 0 85 46 44 8 INF INF 6 84 93 55 66 INF 5 10 1 INF 38 INF 57 34
33 91 INF 15 29 INF 22 INF 54 22 56 98 66 0 76 61 47 37 29 INF 99 INF 77 75 78 57 2 89 0 72 100 53 45 INF 85 55 INF 74 INF 63 55 36 79 49 15 53 INF 69 82 INF INF INF 97 10 15 73 82 66 INF INF 38 68 INF 90 43 12 41 INF INF 46 INF 79 5 INF INF 78 INF 18 1 6 74 1 15 INF 25 80 46 81 76 73 78 INF INF INF 66 15 54 29 74 27
11 INF INF 33 93 11 53 25 94 0 50 30 78 76 0 17 28 12 82 95 14 93 INF INF 37 10 42 98 16 99 35 84 INF 23 82 28 25 INF INF 4 INF 89 INF INF INF 26 10 95 85 29 33 75 88 27 3 80 14 INF 92 INF 78 5 INF 17 54 27 25 11 51 61 90 21 53 11 16 20 INF INF 65 84 79 81 47 5 76 52 66 18 INF 47 61 90 54 INF INF INF 69 46 90 INF
55 54 INF INF 40 24 60 100 13 44 INF 73 83 61 17 0 1 INF 6 34 42 76 INF 63 95 29 76 INF 94 INF INF 61 43 4 INF 49 INF 94 58 10 96 8 26 71 86 INF 34 INF 86 92 INF INF 7 6 INF 99 93 21 52 INF 93 4 39 49 98 INF 90 46 61 INF 15 4 36 8 7 13 27 INF 57 28 69 5 9 INF 29 30 INF 83 37 67 INF INF 12 97 24 INF 81 INF 1 97
55 5 56 73 25 8 82 16 38 54 97 56 INF 47 28 1 0 74 92 8 48 INF 51 INF INF 80 25 INF 61 INF INF 57 INF 6 INF 6 INF INF INF 13 2 10 56 89 27 75 INF 97 23 38 70 90 54 INF 14 68 87 97 INF 94 22 INF 10 14 36 25 74 20 94 82 95 96 INF 69 86 INF 56 17 42 95 INF 65 38 42 INF 4 23 68 INF 92 19 9 84 60 38 INF INF 31 INF 92
INF 56 86 23 28 42 9 2 14 79 24 2 55 37 12 INF 74 0 4 26 40 78 INF INF 21 67 INF 66 19 59 89 18 47 INF 0 INF 70 3 84 56 INF 26 84 63 95 67 16 78 38 INF 84 93 3 INF 82 86 88 29 48 99 91 25 17 INF INF INF 89 77 15 79 80 95 INF 10 21 40 2 71 38 76 82 34 INF 97 93 53 34 22 49 48 37 INF 52 50 8 39 INF INF 91 INF
INF INF INF 46 15 INF 8 73 87 79 81 72 60 29 82 6 92 4 0 89 90 54 43 14 INF 88 INF 45 42 61 7 INF INF 96 67 5 62 49 3 100 9 92 24 29 69 INF 11 3 55 INF 79 10 50 71 100 1 61 47 38 1 8 75 15 91 54 79 81 79 33 INF 25 INF 4 42 93 42 0 13 INF 94 36 70 64 98 89 42 23 63 62 7 2 73 47 45 INF INF 5 78 38 INF
30 100 66 INF INF 56 49 34 68 67 INF 84 85 INF 95 34 8 26 89 0 69 75 61 INF 8 61 19 100 61 83 INF 66 95 49 INF 28 3 4 95 99 86 46 INF 29 79 23 78 13 37 41 7 65 33 59 8 22 53 85 47 27 58 60 52 33 46 71 36 INF 50 86 37 21 99 58 INF 11 16 59 55 26 INF 16 0 INF 38 79 87 41 44 44 17 INF INF INF 26 50 INF 87 64 53
85 4 16 43 79 15 73 62 75 22 30 91 67 99 14 42 48 40 90 69 0 11 35 51 INF 56 INF 60 58 22 35 INF 32 4 84 20 28 42 69 63 INF INF 36 INF 13 INF 24 INF 88 25 53 INF 2 57 3 INF INF 80 8 INF INF INF INF 69 INF 69 61 INF INF 6 40 INF 72 INF 16 66 62 52 43 81 13 INF 83 24 74 48 35 68 53 89 80 41 32 41 6 92 5 19 34 19
14 36 67 INF 8 INF 72 11 28 58 INF 29 INF INF 93 76 INF 78 54 75 11 0 48 41 75 91 27 52 26 60 99 62 75 55 67 INF 50 15 41 98 INF INF 32 9 68 INF 25 INF 44 INF 64 99 89 21 9 46 13 76 45 38 INF 42 56 71 60 84 75 99 42 41 39 19 INF 54 67 21 6 INF 42 49 92 50 80 91 93 96 21 83 93 44 78 32 INF 27 62 80 44 INF INF INF
83 2 51 1 57 77 78 92 33 94 14 68 45 77 INF INF 51 INF 43 61 35 48 0 70 39 23 60 23 86 20 35 17 48 68 INF 100 30 80 5 23 25 INF INF 24 78 47 93 45 42 38 44 69 89 70 30 51 54 91 62 93 47 INF 71 73 95 67 79 INF 48 15 16 91 INF 98 49 INF 87 75 85 72 INF 9 90 79 46 INF 23 76 INF INF INF 39 98 INF 92 17 INF 96 38 93
8 49 79 79 INF 18 INF 62 78 INF 24 53 65 75 INF 63 INF INF 14 INF 51 41 70 0 71 52 48 41 INF 11 73 93 60 5 85 INF 42 47 38 INF 60 83 28 INF 3 INF 79 70 20 49 25 0 61 10 8 60 INF 88 46 INF 64 INF INF 41 90 50 62 49 35 37 34 29 79 34 INF 51 10 33 99 87 76 60 77 INF INF 39 INF 88 53 INF 39 92 99 69 12 11 76 94 39 INF
17 71 55 INF INF 86 9 51 95 18 23 93 29 78 37 95 INF 21 INF 8 INF 75 39 71 0 11 77 INF INF 76 12 26 29 INF 97 19 INF 92 70 21 6 55 INF 24 14 33 INF 28 15 92 79 72 11 INF 20 25 77 73 81 93 70 71 80 INF 87 82 21 26 INF 30 82 34 INF INF 92 81 78 64 97 32 75 76 INF 8 98 2 17 91 49 94 80 52 47 94 INF 63 74 49 4 66
20 41 53 30 94 INF INF 25 INF INF 25 90 42 57 10 29 80 67 88 61 56 91 23 52 11 0 20 INF 20 73 17 72 98 41 64 7 INF INF INF 6 79 7 INF 27 6 92 6 59 INF 4 43 79 INF 9 98 37 76 46 44 INF 76 21 56 96 91 74 INF 14 67 93 55 55 53 51 INF 51 84 34 29 INF 15 96 36 43 15 38 INF 37 99 92 98 49 2 97 47 72 INF 42 95 83
3 INF INF 49 INF 75 19 19 INF 44 INF 57 17 2 42 76 25 INF INF 19 INF 27 60 48 77 20 0 39 6 62 29 INF INF 28 100 41 INF 96 46 INF 50 47 6 16 52 47 35 85 31 INF 49 1 47 INF INF 98 37 36 90 92 1 INF 73 21 INF 7 73 INF 93 29 21 53 66 19 70 15 INF 23 58 INF 89 35 53 96 35 39 85 INF INF 39 INF 33 INF INF 3 34 5 18 50 55
INF 88 28 26 91 81 INF 56 37 77 INF 28 28 89 98 INF INF 66 45 100 60 52 23 41 INF INF 39 0 0 INF 11 43 17 INF INF 15 48 INF 94 INF 11 INF INF 20 52 89 18 76 35 50 42 83 64 68 83 46 78 83 83 74 4 50 52 INF 35 88 51 INF 40 INF 23 13 70 63 INF 75 73 51 INF 90 82 97 34 13 52 33 INF 48 44 57 6 12 79 6 43 54 100 35 15 53
76 32 95 INF INF 77 51 31 42 64 1 84 51 0 16 94 61 19 42 61 58 26 86 INF INF 20 6 0 0 88 84 71 30 41 INF 25 76 92 86 26 46 62 63 INF 58 86 INF 49 29 INF 32 95 15 26 INF 94 94 INF 55 45 55 19 47 13 INF 5 75 44 53 89 91 80 43 INF 95 INF 100 INF 7 75 50 INF 40 INF 12 96 51 44 46 24 14 69 90 26 INF 38 58 26 INF 89
INF 64 18 39 72 66 66 INF 64 75 66 INF 12 72 99 INF INF 59 61 83 22 60 20 11 76 73 62 INF 88 0 INF 30 69 INF 19 INF 14 2 85 54 32 46 3 67 5 97 INF 17 INF 61 0 21 56 INF INF 40 4 28 69 95 74 73 17 INF INF INF 52 INF INF 15 INF 41 INF 31 93 82 82 15 99 12 51 11 65 69 62 11 77 0 INF 90 INF 91 INF 41 16 15 79 99 55 INF
65 42 18 1 INF 21 2 INF 99 INF 97 56 5 100 35 INF INF 89 7 INF 35 99 35 73 12 17 29 11 84 INF 0 50 21 21 24 13 INF INF INF 71 7 49 INF 78 62 49 74 37 4 88 71 INF 30 69 11 0 86 69 62 9 85 44 INF 29 37 74 78 13 74 80 17 55 14 INF INF 81 7 23 36 33 59 17 INF 0 75 4 1 72 86 16 34 69 56 1 40 32 88 73 53 78
INF 46 INF 31 88 INF 29 96 24 79 38 INF 30 53 84 61 57 18 INF 66 INF 62 17 93 26 72 INF 43 71 30 50 0 23 INF INF 25 INF INF INF 39 43 9 78 23 16 93 89 75 INF INF 99 49 INF 53 82 56 38 84 23 INF 41 20 25 65 INF 86 56 INF 85 50 68 51 31 54 8 59 94 87 57 44 INF 33 35 48 62 57 INF 42 93 58 26 INF 92 87 21 49 82 81 93 54
96 66 80 INF 39 INF INF 35 43 27 40 65 18 45 INF 43 INF 47 INF 95 32 75 48 60 29 98 INF 17 30 69 21 23 0 INF INF 80 6 91 41 63 81 17 34 39 72 91 INF 67 31 37 41 50 7 71 INF 31 INF 90 75 38 80 3 INF 14 84 25 17 65 52 84 45 INF 32 31 INF INF 10 54 2 12 INF 13 63 34 90 70 75 25 INF INF INF 85 29 INF INF 94 26 80 96 INF
82 71 72 94 90 71 100 41 60 59 INF 11 8 INF 23 4 6 INF 96 49 4 55 68 5 INF 41 28 INF 41 INF 21 INF INF 0 INF 9 27 47 20 19 97 90 55 INF 10 47 44 39 62 3 INF INF 85 75 61 87 INF INF 69 78 97 29 24 37 INF 48 5 90 6 4 55 61 88 19 72 32 11 INF 82 16 15 57 INF 36 22 39 INF 32 64 60 94 62 6 INF 82 28 80 INF 84 59
53 41 61 INF 84 INF 0 16 92 62 INF 83 71 85 82 INF INF 0 67 INF 84 67 INF 85 97 64 100 INF INF 19 24 INF INF INF 0 80 32 16 INF 42 17 88 2 14 64 83 INF 36 59 12 76 INF INF 96 55 29 INF 11 29 67 90 28 82 4 70 INF 69 80 62 42 36 7 1 99 61 8 79 86 73 33 43 68 42 30 15 55 INF 9 INF 46 70 36 INF INF 71 INF 93 16 11 INF
96 80 94 21 INF 69 94 INF 5 INF 79 90 88 55 28 49 6 INF 5 28 20 INF 100 INF 19 7 41 15 25 INF 13 25 80 9 80 0 29 INF 88 86 3 57 14 INF INF 11 48 9 9 15 INF 31 23 73 26 31 INF 93 47 INF 32 53 49 8 57 44 15 64 81 62 INF 93 INF 26 INF 54 33 INF INF 9 36 INF INF 80 60 INF 99 87 41 14 14 22 INF 61 19 15 85 INF 14 INF
93 INF 72 INF 0 19 80 96 49 20 95 98 0 INF 25 INF INF 70 62 3 28 50 30 42 INF INF INF 48 76 14 INF INF 6 27 32 29 0 20 13 44 27 8 INF 98 41 45 47 80 75 INF INF 80 35 INF INF 91 INF INF 31 12 51 91 96 7 89 81 78 88 92 74 76 29 INF 7 64 INF 17 76 INF 84 47 INF 47 92 22 78 80 27 27 33 28 36 63 44 36 91 INF 71 23 26
59 90 29 19 21 16 84 4 55 8 42 INF INF 74 INF 94 INF 3 49 4 42 15 80 47 92 INF 96 INF 92 2 INF INF 91 47 16 INF 20 0 35 45 38 INF 44 35 53 4 82 22 29 4 26 INF 31 33 INF 31 48 22 98 INF 49 84 54 63 74 79 55 INF 28 33 26 81 70 58 INF 71 32 2 5 51 33 32 INF 67 80 51 61 79 24 25 69 36 77 11 15 92 29 58 61 21
INF 25 92 75 3 15 8 INF 70 21 INF 84 INF INF INF 58 INF 84 3 95 69 41 5 38 70 INF 46 94 86 85 INF INF 41 20 INF 88 13 35 0 INF INF INF 7 21 50 11 INF 46 1 63 93 73 55 15 51 INF 5 INF INF 73 27 90 43 77 53 INF 56 55 66 18 46 INF 87 63 46 87 46 67 62 61 INF 16 67 59 INF 92 4 67 53 6 7 24 INF 17 INF INF 96 4 9 INF
INF 86 64 INF 45 32 39 45 95 82 INF 68 35 63 4 10 13 56 100 99 63 98 23 INF 21 6 INF INF 26 54 71 39 63 19 42 86 44 45 INF 0 INF 6 74 60 82 17 26 78 INF 95 INF 20 49 50 3 51 86 87 19 18 26 47 4 41 30 3 66 INF INF INF 83 91 49 INF 62 51 INF INF 18 1 9 INF 25 84 53 50 6 31 99 INF INF INF INF 58 INF INF 33 87 55 82
9 INF 24 17 INF INF 93 31 48 30 28 79 57 55 INF 96 2 INF 9 86 INF INF 25 60 6 79 50 11 46 32 7 43 81 97 17 3 27 38 INF INF 0 37 13 27 INF 85 7 69 5 69 51 93 82 73 INF 49 INF 48 INF INF INF 0 53 6 11 41 INF INF 97 97 76 44 30 74 88 INF 26 INF INF 75 69 57 18 35 0 51 10 77 24 88 13 85 47 61 42 21 4 3 56 2
47 99 66 72 10 28 16 66 12 53 58 15 38 36 89 8 10 26 92 46 INF INF INF 83 55 7 47 INF 62 46 49 9 17 90 88 57 8 INF INF 6 37 0 95 99 INF 87 59 INF 92 98 INF 22 14 INF INF INF 17 80 INF 0 15 32 78 92 8 73 59 32 INF 2 70 56 71 34 7 INF 89 6 43 65 54 62 INF 80 87 41 32 INF 77 INF 62 47 100 3 INF 70 INF 30 23 INF
6 77 61 INF 0 96 49 INF INF INF 26 34 INF 79 INF 26 56 84 24 INF 36 32 INF 28 INF INF 6 INF 63 3 INF 78 34 55 2 14 INF 44 7 74 13 95 0 70 0 INF 28 16 6 91 13 20 13 2 84 INF 42 18 71 76 88 91 50 74 54 83 54 54 3 INF 47 35 31 INF 22 98 INF 13 78 INF INF 83 48 24 29 77 70 72 34 36 34 46 INF INF INF 84 98 INF 72 38
81 32 INF 98 INF 66 12 51 46 INF 49 41 51 49 INF 71 89 63 29 29 INF 9 24 INF 24 27 16 20 INF 67 78 23 39 INF 14 INF 98 35 21 60 27 99 70 0 86 1 26 19 15 23 39 30 55 INF 86 INF 26 40 33 28 22 INF 3 57 55 73 0 INF 67 85 53 92 98 INF INF 3 26 11 82 61 44 48 60 INF 39 71 49 24 2 51 INF 89 1 INF 68 60 97 84 70 INF
89 80 27 82 55 5 69 59 INF 43 INF 74 16 15 INF 86 27 95 69 79 13 68 78 3 14 6 52 52 58 5 62 16 72 10 64 INF 41 53 50 82 INF INF 0 86 0 INF INF 89 INF 90 61 59 16 89 INF 96 26 100 43 90 18 52 55 6 INF 71 94 65 83 22 26 17 98 INF INF INF 22 0 22 INF 73 34 INF INF 49 61 14 70 1 55 49 97 67 20 INF 21 66 50 54 INF
41 INF 16 97 45 55 87 7 60 INF INF 37 5 53 26 INF 75 67 INF 23 INF INF 47 INF 33 92 47 89 86 97 49 93 91 47 83 11 45 4 11 17 85 87 INF 1 INF 0 39 43 15 75 39 6 99 87 69 38 INF 100 97 47 23 4 55 35 15 34 INF 42 98 INF 26 96 90 43 9 4 18 92 31 INF 87 INF 37 59 19 46 23 0 63 54 58 INF 34 34 17 INF 13 2 29 66
72 2 70 79 38 INF 25 INF 78 87 99 50 INF INF 10 34 INF 16 11 78 24 25 93 79 INF 6 35 18 INF INF 74 89 INF 44 INF 48 47 82 INF 26 7 59 28 26 INF 39 0 INF 3 81 71 100 84 96 95 5 41 6 62 27 48 INF 15 42 INF INF 42 37 INF 98 53 79 15 75 53 96 INF 11 98 62 73 10 13 91 28 43 89 29 54 15 64 2 32 76 32 INF INF 56 89 91
56 INF 70 42 30 INF 53 59 4 INF 59 INF 61 69 95 INF 97 78 3 13 INF INF 45 70 28 59 85 76 49 17 37 75 67 39 36 9 80 22 46 78 69 INF 16 19 89 43 INF 0 86 INF INF 11 10 53 2 72 68 69 72 92 12 29 76 INF 30 INF INF 7 47 INF 91 57 INF INF INF 13 52 59 15 78 68 33 5 60 13 5 73 INF 28 99 78 32 48 INF 80 74 10 14 23 50
0 66 INF 20 25 83 83 45 85 58 24 14 INF 82 85 86 23 38 55 37 88 44 42 20 15 INF 31 35 29 INF 4 INF 31 62 59 9 75 29 1 INF 5 92 6 15 INF 15 3 86 0 24 20 60 73 8 88 12 98 44 86 INF 24 36 95 99 INF 42 39 INF 6 26 63 35 87 38 49 INF 77 34 76 39 84 74 62 73 99 73 8 INF INF 4 2 64 93 INF 35 82 47 78 23 84
90 INF 78 INF INF INF 35 INF INF 24 INF INF 83 INF 29 92 38 INF INF 41 25 INF 38 49 92 4 INF 50 INF 61 88 INF 37 3 12 15 INF 4 63 95 69 98 91 23 90 75 81 INF 24 0 INF 77 88 INF 98 30 35 INF 97 68 INF INF INF 100 INF INF 70 92 77 65 99 61 28 79 11 100 79 0 INF 64 INF 52 20 22 47 76 65 INF 13 69 6 INF 61 35 66 INF 8 42 2 INF
70 100 INF 0 58 8 45 13 90 42 88 83 INF INF 33 INF 70 84 79 7 53 64 44 25 79 43 49 42 32 0 71 99 41 INF 76 INF INF 26 93 INF 51 INF 13 39 61 39 71 INF 20 INF 0 INF 10 4 INF 47 55 50 0 92 13 INF INF 58 6 39 53 INF 37 71 27 2 INF 68 INF 73 99 21 46 72 9 4 INF INF 27 21 86 INF 12 INF 8 INF 89 28 75 24 INF 22 8 30
52 INF INF 6 INF INF 87 59 22 72 90 31 50 INF 75 INF 90 93 10 65 INF 99 69 0 72 79 1 83 95 21 INF 49 50 INF INF 31 80 INF 73 20 93 22 20 30 59 6 100 11 60 77 INF 0 28 INF 3 64 77 33 INF INF INF 29 93 20 26 INF 4 24 7 8 68 13 61 14 58 52 95 0 88 22 5 89 84 75 INF 66 62 INF 65 62 40 11 80 79 35 0 19 59 97 6
6 76 6 51 56 10 17 32 85 INF 22 31 25 97 88 7 54 3 50 33 2 89 89 61 11 INF 47 64 15 56 30 INF 7 85 INF 23 35 31 55 49 82 14 13 55 16 99 84 10 73 88 10 28 0 INF 4 10 57 2 57 9 47 21 48 INF 22 INF INF INF 89 INF 59 96 57 47 3 0 1 60 9 48 53 21 62 11 INF INF 47 72 INF 13 50 INF INF 51 19 75 62 INF INF INF
26 34 70 94 INF INF 50 25 83 75 79 74 17 10 27 6 INF INF 71 59 57 21 70 10 INF 9 INF 68 26 INF 69 53 71 75 96 73 INF 33 15 50 73 INF 2 INF 89 87 96 53 8 INF 4 INF INF 0 INF 20 17 6 16 99 INF 11 INF INF 90 45 57 24 4 11 31 5 12 INF 95 27 INF 80 29 93 97 33 69 91 INF INF 32 INF 47 68 38 83 69 74 9 11 INF 4 39 INF
2 88 7 84 56 94 50 11 INF 57 13 43 INF 15 3 INF 14 82 100 8 3 9 30 8 20 98 INF 83 INF INF 11 82 INF 61 55 26 INF INF 51 3 INF INF 84 86 INF 69 95 2 88 98 INF 3 4 INF 0 54 INF 96 INF 6 68 16 44 27 14 7 10 2 76 90 36 14 76 14 51 INF 96 INF 27 45 56 INF 54 20 63 88 INF 77 90 64 80 INF 76 71 49 48 70 35 87 47
25 76 47 12 5 INF 19 11 35 51 INF 73 95 73 80 99 68 86 1 22 INF 46 51 60 25 37 98 46 94 40 0 56 31 87 29 31 91 31 INF 51 49 INF INF INF 96 38 5 72 12 30 47 64 10 20 54 0 73 24 INF 54 80 92 34 66 44 95 12 INF 16 18 95 60 7 39 40 INF 67 INF INF 73 INF 20 19 61 31 INF 60 34 42 7 79 9 21 20 42 32 96 82 7 32
INF 11 INF INF 25 INF 2 11 14 78 92 93 11 82 14 93 87 88 61 53 INF 13 54 INF 77 76 37 78 94 4 86 38 INF INF INF INF INF 48 5 86 INF 17 42 26 26 INF 41 68 98 35 55 77 57 17 INF 73 0 50 38 92 83 58 72 90 30 73 98 24 92 2 50 4 INF 7 70 74 70 22 56 5 52 97 12 95 49 22 82 INF 40 26 17 99 11 60 INF INF 5 54 INF 3
INF 63 INF 78 17 94 60 37 0 49 31 36 16 66 INF 21 97 29 47 85 80 76 91 88 73 46 36 83 INF 28 69 84 90 INF 11 93 INF 22 INF 87 48 80 18 40 100 100 6 69 44 INF 50 33 2 6 96 24 50 0 INF 96 76 22 20 49 58 INF 61 88 42 36 30 INF 32 53 9 14 93 76 31 43 57 INF 51 5 83 18 74 INF INF 81 73 35 INF 0 72 69 INF 92 35 67
25 0 90 71 73 INF 36 25 57 98 73 76 20 INF 92 52 INF 48 38 47 8 45 62 46 81 44 90 83 55 69 62 23 75 69 29 47 31 98 INF 19 INF INF 71 33 43 97 62 72 86 97 0 INF 57 16 INF INF 38 INF 0 63 50 89 INF 98 84 74 67 19 46 55 22 37 INF INF 36 51 99 69 3 7 INF 13 23 61 80 92 INF 64 20 23 30 INF 53 INF 54 INF 99 INF 95 5
15 88 INF INF 14 INF INF 52 INF INF 4 5 93 INF INF INF 94 99 1 27 INF 38 93 INF 93 INF 92 74 45 95 9 INF 38 78 67 INF 12 INF 73 18 INF 0 76 28 90 47 27 92 INF 68 92 INF 9 99 6 54 92 96 63 0 57 INF 23 27 84 75 INF 35 77 76 72 77 83 58 95 11 76 54 48 54 20 3 66 7 30 44 32 INF 31 53 INF 19 2 85 63 84 15 96 50 79
5 INF 38 INF 80 INF 55 31 3 13 50 98 15 38 78 93 22 91 8 58 INF INF 47 64 70 76 1 4 55 74 85 41 80 97 90 32 51 49 27 26 INF 15 88 22 18 23 48 12 24 INF 13 INF 47 INF 68 80 83 76 50 57 0 91 23 16 4 76 72 15 INF 77 65 86 64 6 61 80 INF INF 89 94 48 30 INF 11 4 63 INF 72 INF 31 21 97 INF 89 INF INF 22 16 29 90
18 5 56 48 38 92 18 34 23 INF 87 47 19 68 5 4 INF 25 75 60 INF 42 INF INF 71 21 INF 50 19 73 44 20 3 29 28 53 91 84 90 47 0 32 91 INF 52 4 INF 29 36 INF INF 29 21 11 16 92 58 22 89 INF 91 0 82 25 INF INF 90 62 INF 50 INF 37 82 60 3 66 97 86 60 93 69 31 16 INF 20 7 26 23 48 23 INF 2 39 INF 39 29 33 95 69 53
10 13 21 39 INF INF INF 77 63 10 19 19 9 INF INF 39 10 17 15 52 INF 56 71 INF 80 56 73 52 47 17 INF 25 INF 24 82 49 96 54 43 4 53 78 50 3 55 55 15 76 95 INF INF 93 48 INF 44 34 72 20 INF 23 23 82 0 INF 80 1 25 71 27 51 INF 81 85 36 38 82 85 INF 44 31 INF 59 64 86 39 95 10 INF 65 98 73 94 51 INF 36 53 88 68 5 78
52 83 INF 82 27 27 55 65 11 76 35 INF 96 90 17 49 14 INF 91 33 69 71 73 41 INF 96 21 INF 13 INF 29 65 14 37 4 8 7 63 77 41 6 92 74 57 6 35 42 INF 99 100 58 20 INF INF 27 66 90 49 98 27 16 25 INF 0 39 INF 92 52 92 12 INF 98 29 14 72 46 30 49 99 61 85 INF 29 39 53 86 83 INF 29 0 47 76 40 5 1 96 96 49 31 32
93 10 55 79 35 85 49 74 18 INF 50 3 26 43 54 98 36 INF 54 46 INF 60 95 90 87 91 INF 35 INF INF 37 INF 84 INF 70 57 89 74 53 30 11 8 54 55 INF 15 INF 30 INF INF 6 26 22 90 14 44 30 58 84 84 4 INF 80 39 0 87 INF 65 22 14 76 13 86 49 88 INF 99 INF 15 INF 31 37 INF 76 INF 7 INF 16 61 39 29 22 79 INF 29 86 54 2 91 62
79 INF 48 74 2 85 INF 42 62 INF 79 33 59 12 27 INF 25 INF 79 71 69 84 67 50 82 74 7 88 5 INF 74 86 25 48 INF 44 81 79 INF 3 41 73 83 73 71 34 INF INF 42 INF 39 INF INF 45 7 95 73 INF 74 75 76 INF 1 INF 87 0 19 41 45 39 94 77 94 INF 51 25 71 21 39 76 INF 79 73 INF 75 83 51 2 82 31 81 20 60 48 INF 73 28 INF 23 45
87 INF 26 94 INF 31 75 51 72 76 75 INF 41 41 25 90 74 89 81 36 61 75 79 62 21 INF 73 51 75 52 78 56 17 5 69 15 78 55 56 66 INF 59 54 0 94 INF 42 INF 39 70 53 4 INF 57 10 12 98 61 67 INF 72 90 25 92 INF 19 0 38 44 6 11 75 56 INF INF 22 INF 100 31 71 56 0 86 49 19 12 34 26 54 62 76 INF 69 67 8 52 45 63 6 12
67 79 27 44 28 INF 61 98 45 86 72 INF INF INF 11 46 20 77 79 INF INF 99 INF 49 26 14 INF INF 44 INF 13 INF 65 90 80 64 88 INF 55 INF INF 32 54 INF 65 42 37 7 INF 92 INF 24 INF 24 2 INF 24 88 19 35 15 62 71 52 65 41 38 0 69 98 73 77 50 INF 75 74 38 93 18 34 57 90 85 44 98 32 24 71 11 INF 71 98 20 INF 22 5 0 6 INF 1
16 62 12 27 72 36 63 33 62 96 34 48 32 INF 51 61 94 15 33 50 INF 42 48 35 INF 67 93 40 53 INF 74 85 52 6 62 81 92 28 66 INF 97 INF 3 67 83 98 INF 47 6 77 37 7 89 4 76 16 92 42 46 77 INF INF 27 92 22 45 44 69 0 INF 44 96 71 88 INF INF 46 22 64 INF 83 30 INF 41 1 89 45 5 5 INF 73 INF 34 47 INF 56 31 88 67 71
34 8 13 28 63 28 55 84 50 INF 69 75 92 46 61 INF 82 79 INF 86 6 41 15 37 30 93 29 INF 89 15 80 50 84 4 42 62 74 33 18 INF 97 2 INF 85 22 INF 98 INF 26 65 71 8 INF 11 90 18 2 36 55 76 77 50 51 12 14 39 6 98 INF 0 INF 52 45 INF 10 INF 83 50 INF 12 30 14 37 14 81 93 95 27 31 16 INF 39 38 56 INF INF 42 32 93 INF
77 48 INF 75 64 32 17 10 74 INF 98 INF 49 INF 90 15 95 80 25 37 40 39 16 34 82 55 21 23 91 INF 17 68 45 55 36 INF 76 26 46 83 76 70 47 53 26 26 53 91 63 99 27 68 59 31 36 95 50 30 22 72 65 INF INF INF 76 94 11 73 44 INF 0 70 16 67 40 INF 26 61 INF 83 65 25 INF 59 33 21 21 78 INF 5 65 15 32 88 1 83 52 INF 67 INF
15 38 37 82 74 74 16 INF 94 90 INF 94 59 79 21 4 96 95 INF 21 INF 19 91 29 34 55 53 13 80 41 55 51 INF 61 7 93 29 81 INF 91 44 56 35 92 17 96 79 57 35 61 2 13 96 5 14 60 4 INF 37 77 86 37 81 98 13 77 75 77 96 52 70 0 INF 94 33 86 8 53 61 69 78 INF 74 73 90 19 70 INF 12 40 53 24 95 98 92 INF 8 28 INF INF
23 81 18 75 73 40 26 9 INF INF 22 44 INF 5 53 36 INF INF 4 99 72 INF INF 79 INF 53 66 70 43 INF 14 31 32 88 1 INF INF 70 87 49 30 71 31 98 98 90 15 INF 87 28 INF 61 57 12 76 7 INF 32 INF 83 64 82 85 29 86 94 56 50 71 45 16 INF 0 2 9 25 15 INF 42 81 51 57 29 23 74 52 7 68 INF 43 89 72 59 88 18 70 8 38 42 68
86 59 INF 63 76 83 25 45 INF 22 63 13 INF INF 11 8 69 10 42 58 INF 54 98 34 INF 51 19 63 INF 31 INF 54 31 19 99 26 7 58 63 INF 74 34 INF INF INF 43 75 INF 38 79 68 14 47 INF 14 39 7 53 INF 58 6 60 36 14 49 INF INF INF 88 INF 67 94 2 0 31 78 2 93 78 35 9 97 INF 76 1 12 INF 36 9 28 INF 38 INF 14 INF INF 47 21 3 69
INF INF 51 40 INF INF 41 10 89 20 21 INF 19 INF 16 7 86 21 93 INF 16 67 49 INF 92 INF 70 INF 95 93 INF 8 INF 72 61 INF 64 INF 46 62 88 7 22 INF INF 9 53 INF 49 11 INF 58 3 95 51 40 70 9 36 95 61 3 38 72 88 51 INF 75 INF 10 40 33 9 31 0 INF 32 73 41 INF 64 INF 99 INF 99 31 35 19 45 12 24 76 INF 30 16 45 48 INF 29 26
INF 77 0 36 62 16 63 45 45 INF 7 INF 61 78 20 13 INF 40 42 11 66 21 INF 51 81 51 15 75 INF 82 81 59 INF 32 8 54 INF 71 87 51 INF INF 98 3 INF 4 96 13 INF 100 73 52 0 27 INF INF 74 14 51 11 80 66 82 46 INF 25 22 74 INF INF INF 86 25 78 INF 0 INF 49 37 INF 58 INF INF 35 24 INF 97 INF 15 66 33 56 INF 75 29 46 92 80 10 35
47 INF 94 85 52 53 76 17 INF INF INF INF INF INF INF 27 56 2 0 16 62 6 87 10 78 84 INF 73 100 82 7 94 10 11 79 33 17 32 46 INF 26 89 INF 26 22 18 INF 52 77 79 99 95 1 INF 96 67 70 93 99 76 INF 97 85 30 99 71 INF 38 46 83 26 8 15 2 32 INF 0 77 81 70 45 36 INF INF 23 19 INF 77 14 20 INF 36 28 51 80 INF 41 74 20 32
47 97 88 93 41 46 18 INF 58 91 40 16 14 18 INF INF 17 71 13 59 52 INF 75 33 64 34 23 51 INF 15 23 87 54 INF 86 INF 76 2 67 INF INF 6 13 11 0 92 11 59 34 0 21 0 60 80 INF INF 22 76 69 54 INF 86 INF 49 INF 21 100 93 22 50 61 53 INF 93 73 49 77 0 77 57 12 69 98 INF 92 9 36 40 28 INF 21 32 79 49 INF 92 43 43 INF 80
32 84 89 INF 54 65 64 84 37 INF 3 32 26 1 65 57 42 38 INF 55 43 42 85 99 97 29 58 INF 7 99 36 57 2 82 73 INF INF 5 62 18 INF 43 78 82 22 31 98 15 76 INF 46 88 9 29 27 INF 56 31 3 48 89 60 44 99 15 39 31 18 64 INF INF 61 42 78 41 37 81 77 0 INF 76 61 1 0 46 4 83 95 36 32 61 86 47 42 27 6 85 6 82 20
58 12 62 95 50 41 24 1 65 48 15 INF 0 6 84 28 95 76 94 26 81 49 72 87 32 INF INF 90 75 12 33 44 12 16 33 9 84 51 61 1 75 65 INF 61 INF INF 62 78 39 64 72 22 48 93 45 73 5 43 7 54 94 93 31 61 INF 76 71 34 INF 12 83 69 81 35 INF INF 70 57 INF 0 40 75 INF 64 INF 47 69 93 6 INF INF 67 5 INF 92 7 INF 41 INF 79
25 0 28 INF 47 12 5 INF 16 44 51 INF 85 74 79 69 INF 82 36 INF 13 92 INF 76 75 15 89 82 50 51 59 INF INF 15 43 36 47 33 INF 9 69 54 INF 44 73 87 73 68 84 INF 9 5 53 97 56 INF 52 57 INF 20 48 69 INF 85 31 INF 56 57 83 30 65 78 51 9 64 58 45 12 76 40 0 INF 58 28 15 14 91 22 INF INF 3 0 11 82 INF 19 20 0 95 INF
55 71 73 3 32 38 22 66 99 INF INF 100 46 1 81 5 65 34 70 16 INF 50 9 60 76 96 35 97 INF 11 17 33 13 57 68 INF INF 32 16 INF 57 62 83 48 34 INF 10 33 74 52 4 89 21 33 INF 20 97 INF 13 3 30 31 59 INF 37 79 0 90 30 14 25 INF 57 97 INF INF 36 69 61 75 INF 0 73 98 84 72 35 77 29 1 INF 27 13 76 INF INF 1 93 94 90
INF 87 47 67 33 INF 4 INF 71 86 75 92 44 15 47 9 38 INF 64 0 83 80 90 77 INF 36 53 34 40 65 INF 35 63 INF 42 INF 47 INF 67 25 18 INF 48 60 INF 37 13 5 62 20 INF 84 62 69 54 19 12 51 23 66 INF 16 64 29 INF 73 86 85 INF 37 INF 74 29 INF 99 INF INF 98 1 INF 58 73 0 77 21 87 57 56 35 64 94 INF INF 14 11 60 53 54 65 INF
69 INF 4 INF 29 13 57 55 79 87 86 72 8 INF 5 INF 42 97 98 INF 24 91 79 INF 8 43 96 13 INF 69 0 48 34 36 30 80 92 67 59 84 35 80 24 INF INF 59 91 60 73 22 INF 75 11 91 20 61 95 5 61 7 11 INF 86 39 76 INF 49 44 41 14 59 73 23 76 INF 35 INF INF 0 64 28 98 77 0 20 86 65 32 42 68 48 24 39 25 INF 16 10 62 73 55
10 60 94 46 49 50 19 66 38 38 71 39 INF 25 76 29 INF 93 89 38 74 93 46 INF 98 15 35 52 12 62 75 62 90 22 15 60 22 80 INF 53 0 87 29 39 49 19 28 13 99 47 27 INF INF INF 63 31 49 83 80 30 4 20 39 53 INF 75 19 98 1 81 33 90 74 1 99 24 23 92 46 INF 15 84 21 20 0 76 83 97 88 21 43 71 53 41 9 43 INF INF 71 85
INF 92 11 68 43 22 52 INF 39 8 22 19 INF 80 52 30 4 53 42 79 48 96 INF 39 2 38 39 33 96 11 4 57 70 39 55 INF 78 51 92 50 51 41 77 71 61 46 43 5 73 76 21 66 INF INF 88 INF 22 18 92 44 63 7 95 86 7 83 12 32 89 93 21 19 52 12 31 INF 19 9 4 47 14 72 87 86 76 0 44 23 40 98 73 53 72 35 28 84 43 77 85 50
28 66 97 79 45 98 92 1 INF 73 40 14 6 46 66 INF 23 34 23 87 35 21 23 INF 17 INF 85 INF 51 77 1 INF 75 INF INF 99 80 61 4 6 10 32 70 49 14 23 89 73 8 65 86 62 47 32 INF 60 82 74 INF 32 INF 26 10 83 INF 51 34 24 45 95 21 70 7 INF 35 97 INF 36 83 69 91 35 57 65 83 44 0 26 55 75 88 44 46 53 INF 43 INF 100 6 49
27 25 90 0 84 INF INF 98 33 91 36 38 84 81 18 83 68 22 63 41 68 83 76 88 91 37 INF 48 44 0 72 42 25 32 9 87 27 79 67 31 77 INF 72 24 70 0 29 INF INF INF INF INF 72 INF 77 34 INF INF 64 INF 72 23 INF INF 16 2 26 71 5 27 78 INF 68 36 19 INF 77 40 95 93 22 77 56 32 97 23 26 0 INF 41 85 8 21 INF 30 26 INF 82 4 78
INF INF 25 58 93 31 3 49 30 INF 37 67 93 76 INF 37 INF 49 62 44 53 93 INF 53 49 99 INF 44 46 INF 86 93 INF 64 INF 41 27 24 53 99 24 77 34 2 1 63 54 28 INF 13 12 65 INF 47 90 42 40 INF 20 31 INF 48 65 29 61 82 54 11 5 31 INF 12 INF 9 45 15 14 28 36 6 INF 29 35 42 88 40 55 INF 0 64 89 INF 2 6 69 11 79 36 91 20
79 36 47 84 71 61 0 20 40 52 INF 88 55 73 47 67 92 48 7 44 89 44 INF INF 94 92 39 57 24 90 16 58 INF 60 46 14 33 25 6 INF 88 INF 36 51 55 54 15 99 4 69 INF 62 13 68 64 7 26 81 23 53 31 23 98 0 39 31 62 INF INF 16 5 40 43 28 12 66 20 INF 32 INF INF 1 64 68 21 98 75 41 64 0 98 12 INF 38 93 81 INF INF 34 78
95 8 INF 57 96 83 95 42 INF 97 63 INF 66 78 61 INF 19 37 2 17 80 78 INF 39 80 98 INF 6 14 INF 34 26 INF 94 70 14 28 69 7 INF 13 62 34 INF 49 58 64 78 2 6 8 40 50 38 80 79 17 73 30 INF 21 INF 73 47 29 81 76 71 73 INF 65 53 89 INF 24 33 INF 21 61 INF 3 INF 94 48 43 73 88 85 89 98 0 29 INF 86 INF 8 26 26 68 0
26 INF 72 2 INF 1 79 66 99 INF INF 76 INF INF 90 INF 9 INF 73 INF 41 32 39 92 52 49 33 12 69 91 69 INF 85 62 36 22 36 36 24 INF 85 47 46 89 97 INF 2 32 64 INF INF 11 INF 83 INF 9 99 35 INF 19 97 2 94 76 22 20 INF 98 INF 39 15 24 72 38 76 56 36 32 86 67 0 27 INF 24 71 53 44 8 INF 12 29 0 85 35 89 54 89 94 96 INF
83 34 4 31 57 63 44 59 7 70 27 72 5 INF 54 12 84 52 47 INF 32 INF 98 99 47 2 INF 79 90 INF 56 92 29 6 INF INF 63 77 INF INF 47 100 INF 1 67 34 32 48 93 61 89 80 INF 69 76 21 11 INF 53 2 INF 39 51 40 79 60 69 20 34 38 32 95 59 INF INF INF 28 79 47 5 11 13 INF 39 53 72 46 21 2 INF INF 85 0 INF 56 18 21 61 83 58
63 66 47 22 38 27 6 INF 24 97 68 71 10 INF INF 97 60 50 45 INF 41 27 INF 69 94 97 INF 6 26 41 1 87 INF INF INF 61 44 11 17 58 61 3 INF INF 20 34 76 INF INF 35 28 79 51 74 71 20 60 0 INF 85 89 INF INF 5 INF 48 67 INF 47 56 88 98 88 14 30 75 51 49 42 INF 82 76 14 25 41 35 53 INF 6 38 86 35 INF 0 INF 46 19 92 18 40
10 92 INF INF 59 72 40 96 27 INF 81 35 1 66 INF 24 38 8 INF 26 6 62 92 12 INF 47 3 43 INF 16 40 21 INF 82 71 19 36 15 INF INF 42 INF INF 68 INF 17 32 80 35 66 75 35 19 9 49 42 INF 72 54 63 INF 39 36 1 29 INF 8 22 INF INF 1 92 18 INF 16 29 80 INF 27 92 INF INF 11 INF 9 28 INF 30 69 93 INF 89 56 INF 0 INF 23 INF 31 18
INF 96 94 6 INF 76 20 13 51 26 INF 95 INF 15 INF INF INF 39 INF 50 92 80 17 11 63 72 34 54 38 15 32 49 94 28 INF 15 91 92 INF INF 21 70 84 60 21 INF INF 74 82 INF 24 0 75 11 48 32 INF 69 INF 84 INF 29 53 96 86 73 52 5 56 INF 83 INF 70 INF 45 46 INF 92 6 7 19 INF 60 16 43 84 43 26 11 81 8 54 18 46 INF 0 79 77 75 36
43 INF 26 INF 74 88 5 87 33 47 INF 54 38 54 69 81 INF INF 5 INF 5 44 INF 76 74 INF 5 100 58 79 88 82 26 80 93 85 INF 29 96 33 4 INF 98 97 66 13 INF 10 47 8 INF 19 62 INF 70 96 5 INF 99 15 22 33 88 96 54 28 45 0 31 42 52 8 8 47 48 92 41 43 85 INF 20 1 53 10 INF 43 INF INF 79 INF 26 89 21 19 23 79 0 54 47 43
50 87 33 INF INF 61 INF 48 2 71 88 INF INF 29 46 INF 31 INF 78 87 19 INF 96 94 49 42 18 35 26 99 73 81 80 INF 16 INF 71 58 4 87 3 30 INF 84 50 2 56 14 78 42 22 59 INF 4 35 82 54 92 INF 96 16 95 68 49 2 INF 63 6 88 32 INF 28 38 21 INF 80 74 43 6 41 0 93 54 62 INF 77 100 82 36 INF 26 94 61 92 INF 77 54 0 58 77
61 INF 8 INF 69 64 57 INF INF 36 60 98 57 74 90 1 INF 91 38 64 34 INF 38 39 4 95 50 15 INF 55 53 93 96 84 11 14 23 61 9 55 56 23 72 70 54 29 89 23 23 2 8 97 INF 39 87 7 INF 35 95 50 29 69 5 31 91 23 6 INF 67 93 67 INF 42 3 29 10 20 INF 82 INF 95 94 65 73 71 85 6 4 91 34 68 96 83 18 31 75 47 58 0 INF
99 INF INF 65 5 88 13 0 43 98 35 4 34 27 INF 97 92 INF INF 53 19 INF 93 INF 66 83 55 53 89 INF 78 54 INF 59 INF INF 26 21 INF 82 2 INF 38 INF INF 66 91 50 84 INF 30 6 INF INF 47 32 3 67 5 79 90 53 78 32 62 45 12 1 71 INF INF INF 68 69 26 35 32 80 20 79 INF 90 INF 55 85 50 49 78 20 78 0 INF 58 40 18 36 43 77 INF 0
