100
0 82 82 64 INF 12 INF 94 84 4 75 43 INF 89 77 13 9 48 84 65 63 12 40 91 48 77 57 INF 59 10 89 55 80 22 85 77 26 INF 54 78 75 26 94 94 77 INF 88 44 INF 5 63 32 INF 38 INF 85 1 44 41 43 67 77 23 29 11 INF 8 99 90 79 81 INF 38 96 INF 40 72 INF 9 79 39 78 92 87 INF INF INF INF 80 63 83 14 9 11 10 57 78 91 70 INF
82 0 47 69 96 81 35 INF 38 41 75 85 43 45 6 INF INF INF 40 61 22 72 4 INF 8 8 76 38 89 85 INF 15 1 48 52 24 47 87 94 46 78 75 61 13 INF 16 INF 18 INF INF 82 19 35 14 78 81 21 98 45 88 50 96 20 18 18 70 93 94 INF 50 89 28 65 67 29 1 87 48 78 65 95 69 87 53 57 53 INF 39 9 68 44 77 64 37 33 18 27 11 2 27
82 47 0 99 INF 46 INF 29 13 46 74 67 INF INF 86 7 INF 63 15 24 97 21 26 INF 26 47 46 43 67 18 50 83 8 75 1 1 77 INF INF 10 10 100 14 INF 17 86 11 83 19 INF INF 33 INF INF INF INF INF 0 94 7 20 77 99 86 91 97 31 72 18 84 9 7 7 88 63 95 70 96 99 9 INF 95 24 INF INF 39 49 INF 96 55 54 53 89 24 26 INF 75 INF INF 91
64 69 99 0 INF 98 INF 16 10 6 81 48 4 53 93 98 3 33 50 80 48 83 100 42 INF 29 15 INF INF 8 33 14 INF 22 73 84 0 72 43 INF 74 49 98 14 INF 75 22 37 86 INF 41 88 94 83 INF INF 55 46 26 76 51 1 36 67 43 INF 74 56 75 71 69 47 28 INF 97 7 INF 37 97 17 17 40 20 69 INF 46 27 42 28 61 INF 99 66 13 38 79 61 61 86 91
INF 96 INF INF 0 89 29 55 0 84 61 48 86 98 93 76 INF INF 13 57 81 38 INF 17 16 89 11 INF 26 10 10 67 33 95 INF 22 INF 17 56 6 79 30 71 26 INF 83 47 62 66 INF 87 18 INF 19 66 98 48 82 60 INF 85 46 88 86 37 54 INF INF 51 19 INF 29 30 79 98 INF INF INF 50 51 48 1 96 9 5 43 66 69 7 46 84 INF 60 66 34 INF 31 20 39 INF
12 81 46 98 89 0 INF 96 85 52 93 INF 90 INF INF INF 14 INF 11 77 73 61 62 72 23 71 INF 78 25 81 10 78 INF INF INF 69 66 22 2 INF 25 79 17 59 21 INF 2 77 91 INF 93 75 29 38 21 78 98 49 INF 50 34 INF 48 80 62 3 89 98 38 85 INF 99 64 42 16 75 41 32 33 INF INF 67 5 50 62 3 INF 66 68 28 75 63 21 83 INF INF INF INF 22 72
INF 35 INF INF 29 INF 0 0 76 17 29 79 4 0 INF 87 57 70 67 59 60 72 INF 18 INF 45 INF 14 81 27 INF INF INF 95 31 6 4 6 54 69 88 INF 20 2 83 5 94 99 11 INF INF 17 61 26 64 36 26 74 72 62 2 61 INF 80 82 15 48 71 INF 89 17 INF INF 80 INF 98 INF 39 55 10 57 INF 24 61 45 42 12 60 INF 74 93 72 43 62 43 95 46 49 19 20
94 INF 29 16 55 96 0 0 70 5 24 INF INF INF 10 2 77 78 31 50 INF 93 92 INF 68 10 88 81 23 43 INF 24 76 22 52 34 96 11 80 65 51 64 75 60 76 INF 49 79 15 60 81 24 73 0 78 64 82 11 95 60 21 INF INF 1 75 71 52 3 77 23 74 INF INF 95 74 52 55 INF 11 61 46 INF 42 INF 28 7 12 INF 79 31 25 67 34 21 80 64 35 94 INF 34
84 38 13 10 0 85 76 70 0 30 90 INF 48 94 86 67 20 93 89 80 37 INF 0 27 45 49 55 56 12 46 26 31 82 42 INF INF 37 100 90 INF 3 36 48 16 14 INF 7 25 5 83 29 84 58 45 43 1 20 60 86 90 18 INF 39 67 62 51 INF 15 INF INF INF 54 80 28 63 INF 88 49 INF 46 INF 40 92 57 49 94 INF 53 52 INF 22 82 INF 79 63 28 49 8 27 46
4 41 46 6 84 52 17 5 30 0 INF INF 75 60 11 10 INF 22 2 41 63 5 39 46 32 2 66 66 22 23 78 37 10 0 35 24 91 36 37 31 14 74 63 3 8 87 71 INF 76 77 42 44 14 54 16 INF 31 61 31 71 INF 95 INF 99 16 11 15 62 17 17 70 68 31 INF 98 99 25 86 8 79 45 11 36 28 51 INF 31 66 12 58 89 INF 37 12 81 INF 37 66 70 35
75 75 74 81 61 93 29 24 90 INF 0 76 INF 88 INF INF 42 INF 8 INF 35 INF 68 51 90 45 8 92 88 INF 96 35 49 98 19 39 INF 49 71 7 90 55 74 58 63 22 85 INF 47 50 60 48 82 65 24 INF 77 64 86 77 61 87 82 62 3 61 35 29 65 19 68 63 82 26 INF 43 4 49 INF 85 90 81 INF 65 49 36 33 41 54 87 37 54 37 INF 22 79 6 44 29 27
43 85 67 48 48 INF 79 INF INF INF 76 0 69 INF 30 0 10 27 97 84 80 88 81 13 26 INF 84 21 INF 18 78 48 74 INF 95 INF 9 80 INF INF INF INF 87 90 93 INF 62 92 67 5 52 38 100 22 2 58 9 INF 9 67 23 73 85 62 25 32 46 INF INF INF 69 INF 44 37 INF 19 5 INF INF 79 3 10 93 INF 1 68 34 61 10 48 67 19 42 45 55 22 51 55 77 74
INF 43 INF 4 86 90 4 INF 48 75 INF 69 0 INF 79 97 90 87 INF 87 83 23 41 94 23 21 60 92 26 INF 77 58 100 INF 88 INF 17 78 70 51 25 INF INF INF 100 52 28 INF 77 INF 100 86 79 37 30 24 INF 84 INF 78 9 100 32 47 56 78 2 37 44 1 INF 20 96 1 75 26 INF INF INF 3 57 INF 18 87 4 99 86 25 16 86 36 INF 88 34 78 50 INF INF 100 75
89 45 INF 53 98 INF 0 INF 94 60 88 INF INF 0 81 20 INF 94 INF 71 INF INF INF 84 84 INF 53 76 20 18 47 8 95 40 64 27 72 INF INF 51 78 INF 43 52 38 77 87 INF 78 51 INF 3 99 INF INF INF 37 91 INF 58 85 83 51 36 16 60 45 INF 62 58 2 30 22 91 38 INF 22 65 INF 52 77 61 53 48 5 85 48 30 44 28 22 37 1 INF 69 24 9 47 42 74
77 6 86 93 93 INF INF 10 86 11 INF 30 79 81 0 24 32 54 18 58 INF 56 48 83 6 27 24 47 52 27 69 INF 31 INF 43 27 33 98 84 67 7 93 14 18 25 25 8 32 59 64 91 21 81 35 2 34 51 82 43 24 INF 21 45 INF 18 4 8 93 INF 57 67 33 INF INF INF INF INF INF INF 22 48 INF 25 88 12 INF 95 18 59 53 INF 81 31 21 95 9 60 INF 61 INF
13 INF 7 98 76 INF 87 2 67 10 INF 0 97 20 24 0 INF 58 18 87 92 INF 69 2 74 39 69 54 66 74 49 11 9 2 INF 50 37 71 82 INF 41 96 26 100 INF 2 12 INF 85 18 96 81 88 81 INF 69 24 70 INF 98 INF 57 87 17 INF 88 83 INF 22 94 52 77 28 91 82 INF 9 81 18 14 5 49 INF 81 84 78 100 7 26 54 80 INF 19 81 INF 19 INF 66 INF 28
9 INF INF 3 INF 14 57 77 20 INF 42 10 90 INF 32 INF 0 0 66 INF 75 71 6 18 69 53 INF 72 41 23 89 96 INF 14 66 INF 57 1 54 83 40 37 35 14 26 INF INF INF 21 INF 79 39 17 41 INF 26 25 38 76 20 52 INF INF 67 96 INF 76 INF 40 92 37 80 6 16 66 82 90 15 79 INF 5 98 INF INF 93 36 97 40 21 INF 95 6 17 63 INF 54 87 INF 55 INF
48 INF 63 33 INF INF 70 78 93 22 INF 27 87 94 54 58 0 0 60 11 INF 64 78 38 46 66 61 90 81 1 54 80 40 INF 22 55 90 2 44 17 86 57 56 29 96 42 77 62 63 11 INF 14 91 INF 8 34 7 38 54 INF 96 0 40 INF 2 82 56 95 87 4 84 INF 15 35 100 67 14 48 INF INF 47 5 47 95 8 28 49 18 INF 1 85 INF 35 29 37 INF 51 77 INF 64
84 40 15 50 13 11 67 31 89 2 8 97 INF INF 18 18 66 60 0 INF 53 42 10 84 99 15 INF 24 4 75 20 25 44 80 14 41 45 8 73 35 77 97 78 42 30 46 99 40 INF 90 INF 65 INF 50 28 23 67 INF 75 32 89 43 30 25 80 45 52 92 1 INF INF 47 3 INF 1 52 15 58 2 2 INF 44 61 98 INF 27 INF 78 59 52 INF 75 INF INF INF INF 13 35 99 34
65 61 24 80 57 77 59 50 80 41 INF 84 87 71 58 87 INF 11 INF 0 INF 94 15 93 24 10 84 27 6 95 INF INF 38 35 INF INF 25 INF 13 44 14 27 58 20 38 25 0 41 51 39 55 32 INF 70 66 36 75 95 INF 71 99 INF 46 14 INF 87 28 INF 71 49 INF 56 64 13 41 84 INF INF 49 99 INF INF 26 31 INF 68 96 INF INF 83 43 74 74 16 89 75 73 8 93 9
63 22 97 48 81 73 60 INF 37 63 35 80 83 INF INF 92 75 INF 53 INF 0 13 18 43 46 68 25 86 INF 35 66 66 INF 92 28 INF 53 59 45 29 INF INF 0 86 84 74 INF 86 30 INF 96 23 INF 79 90 11 18 INF 26 89 3 63 83 47 94 84 51 65 75 47 24 3 74 55 5 1 13 79 86 INF 58 INF 99 94 54 79 20 30 90 1 9 40 65 INF 27 INF INF 86 55 2
12 72 21 83 38 61 72 93 INF 5 INF 88 23 INF 56 INF 71 64 42 94 13 0 INF 54 10 6 80 91 74 86 14 5 53 INF 4 INF 91 77 55 10 40 84 46 INF INF INF 90 59 39 22 INF INF 16 INF 68 INF 59 INF INF 95 43 INF 18 3 INF INF 13 85 42 INF INF 96 INF 39 28 47 88 63 61 29 22 6 72 INF 10 90 10 INF 78 18 12 86 INF 69 29 INF 13 0 44 60
40 4 26 100 INF 62 INF 92 0 39 68 81 41 INF 48 69 6 78 10 15 18 INF 0 INF 54 15 1 INF 54 74 INF 92 85 42 49 INF 37 21 INF 68 40 36 35 16 65 25 50 72 43 9 85 82 80 59 75 52 INF 83 INF 33 12 31 INF 45 42 38 21 50 42 68 96 97 2 15 INF 96 72 1 INF 12 INF INF 55 72 53 73 INF 46 98 10 60 6 79 INF 93 91 5 52 92 INF
91 INF INF 42 17 72 18 INF 27 46 51 13 94 84 83 2 18 38 84 93 43 54 INF 0 INF 4 81 10 INF 82 INF 9 64 INF INF 32 53 54 57 27 39 50 INF 18 INF INF 36 85 72 48 INF 29 62 71 43 90 75 INF 44 54 16 INF 73 INF 23 INF INF INF 10 35 24 32 31 INF INF INF 58 12 62 80 75 INF INF 41 87 15 31 1 43 74 INF 30 INF 41 56 24 62 INF INF 10
48 8 26 INF 16 23 INF 68 45 32 90 26 23 84 6 74 69 46 99 24 46 10 54 INF 0 48 55 95 97 INF 65 INF 51 INF 40 97 9 7 INF INF 55 20 11 87 71 14 22 68 19 78 4 33 60 84 26 10 INF INF 99 14 16 93 12 23 53 INF 98 100 INF 32 INF 10 5 42 93 72 INF 28 89 47 98 78 73 3 2 87 37 78 95 27 62 98 11 61 74 42 98 93 86 45
77 8 47 29 89 71 45 10 49 2 45 INF 21 INF 27 39 53 66 15 10 68 6 15 4 48 0 INF 51 INF INF 93 39 INF 22 43 INF 4 34 INF 72 36 47 70 INF 69 67 12 78 80 70 36 95 66 77 61 89 87 INF 89 56 99 INF 81 INF 47 INF INF 66 INF 13 65 87 60 100 97 INF 40 46 78 8 57 66 27 71 19 32 61 51 75 INF 51 INF 63 81 INF 91 3 INF 3 51
57 76 46 15 11 INF INF 88 55 66 8 84 60 53 24 69 INF 61 INF 84 25 80 1 81 55 INF 0 1 46 54 30 INF 58 40 INF 44 INF INF INF 49 INF 99 INF INF INF 31 INF INF 1 93 INF 25 7 INF 8 INF 6 85 42 54 99 21 71 34 61 65 INF 83 28 96 37 35 INF 5 2 8 6 21 83 64 66 97 57 75 INF INF 91 91 97 36 36 12 62 INF 32 INF 49 85 4 96
INF 38 43 INF INF 78 14 81 56 66 92 21 92 76 47 54 72 90 24 27 86 91 INF 10 95 51 1 0 INF 35 INF 51 40 36 77 58 28 5 28 75 100 93 56 56 95 33 4 15 INF 9 INF 11 95 85 INF 81 43 9 10 INF 10 78 60 56 26 95 INF 89 56 53 45 59 7 88 57 26 90 71 22 93 29 33 46 10 53 42 11 90 90 INF 12 85 38 70 47 54 83 INF INF 24
59 89 67 INF 26 25 81 23 12 22 88 INF 26 20 52 66 41 81 4 6 INF 74 54 INF 97 INF 46 INF 0 44 INF 8 70 INF INF 91 85 72 79 INF 12 16 82 INF 80 100 24 46 79 36 28 87 94 79 5 28 64 75 11 38 INF 47 93 99 INF INF 70 96 53 INF INF INF 78 INF 97 23 INF 80 39 INF INF 7 75 30 1 50 88 38 82 13 29 65 19 2 INF 16 40 38 64 89
10 85 18 8 10 81 27 43 46 23 INF 18 INF 18 27 74 23 1 75 95 35 86 74 82 INF INF 54 35 44 0 71 INF 34 62 29 INF 62 97 64 23 INF 23 INF 16 59 70 INF 47 INF 88 32 INF 98 5 4 45 32 59 8 34 74 57 42 6 INF INF 17 INF 34 54 INF INF 11 19 64 92 84 INF 62 84 94 59 INF 40 74 INF 73 51 0 20 25 84 INF 69 INF 25 INF INF 86 INF
89 INF 50 33 10 10 INF INF 26 78 96 78 77 47 69 49 89 54 20 INF 66 14 INF INF 65 93 30 INF INF 71 0 7 42 INF 36 17 78 INF 84 49 31 37 INF 94 71 28 27 97 21 5 INF 83 31 INF 61 53 61 INF 9 INF 68 INF 30 22 INF INF 96 58 11 63 85 26 2 INF 100 38 9 INF 27 4 87 INF 73 INF 91 INF 37 47 55 21 12 100 61 68 48 11 2 38 57 55
55 15 83 14 67 78 INF 24 31 37 35 48 58 8 INF 11 96 80 25 INF 66 5 92 9 INF 39 INF 51 8 INF 7 0 77 75 24 12 38 13 INF 96 INF 72 33 97 75 66 85 42 INF 74 28 82 40 23 59 INF INF INF 95 INF INF 48 INF 26 16 53 33 78 91 8 65 95 3 69 89 85 INF 52 42 INF 80 95 75 93 INF 32 92 11 INF 18 INF 13 36 18 49 35 37 26 INF 82
80 1 8 INF 33 INF INF 76 82 10 49 74 100 95 31 9 INF 40 44 38 INF 53 85 64 51 INF 58 40 70 34 42 77 0 INF 19 84 15 INF 63 70 INF INF 31 INF 21 46 INF INF 28 INF INF 85 92 21 1 100 43 12 27 17 95 86 6 9 11 62 43 INF INF 63 20 16 49 INF 74 92 INF 75 41 46 22 65 18 10 56 58 10 47 38 88 8 100 INF 95 INF 63 INF 94 INF 82
22 48 75 22 95 INF 95 22 42 0 98 INF INF 40 INF 2 14 INF 80 35 92 INF 42 INF INF 22 40 36 INF 62 INF 75 INF 0 94 58 INF 17 INF 92 98 47 96 23 50 72 INF 81 9 52 79 81 74 59 INF INF 73 INF 87 6 73 25 98 97 INF 55 90 0 46 13 69 96 83 INF 30 75 55 INF INF 66 INF INF 61 19 76 17 79 55 44 41 17 97 59 97 40 76 3 24 69 53
85 52 1 73 INF INF 31 52 INF 35 19 95 88 64 43 INF 66 22 14 INF 28 4 49 INF 40 43 INF 77 INF 29 36 24 19 94 0 11 27 81 INF INF 8 4 69 81 78 55 96 15 45 85 INF 82 31 INF INF 93 INF 75 73 66 6 55 23 98 49 INF 51 87 17 32 16 78 49 94 INF 92 INF 91 82 74 78 22 1 97 66 51 69 35 59 44 36 43 1 INF INF 24 75 81 50 78
77 24 1 84 22 69 6 34 INF 24 39 INF INF 27 27 50 INF 55 41 INF INF INF INF 32 97 INF 44 58 91 INF 17 12 84 58 11 0 INF 12 5 58 51 36 35 49 92 17 37 74 8 INF 85 INF 44 49 75 93 90 57 INF INF 61 70 24 21 96 37 11 INF 21 INF 27 12 INF 56 59 94 62 86 INF 12 INF 88 19 8 62 86 INF 61 59 INF 94 77 88 35 5 100 99 65 32 65
26 47 77 0 INF 66 4 96 37 91 INF 9 17 72 33 37 57 90 45 25 53 91 37 53 9 4 INF 28 85 62 78 38 15 INF 27 INF 0 INF 7 82 26 46 42 INF INF 56 84 INF 73 INF 51 23 22 INF INF INF INF 60 88 10 31 29 INF 24 INF INF INF INF 2 INF 38 18 61 53 42 34 5 59 INF 3 INF 23 73 47 44 56 INF INF 79 51 22 62 14 14 78 37 80 64 97 INF
INF 87 INF 72 17 22 6 11 100 36 49 80 78 INF 98 71 1 2 8 INF 59 77 21 54 7 34 INF 5 72 97 INF 13 INF 17 81 12 INF 0 82 18 98 INF 4 31 29 37 38 36 25 77 24 20 INF 81 28 INF 37 75 INF 76 39 100 15 62 57 66 98 39 INF 32 63 4 INF 84 74 76 97 INF 57 60 37 INF 23 100 49 50 INF 70 INF 5 17 64 14 67 INF INF 38 25 30 76
54 94 INF 43 56 2 54 80 90 37 71 INF 70 INF 84 82 54 44 73 13 45 55 INF 57 INF INF INF 28 79 64 84 INF 63 INF INF 5 7 82 0 16 56 90 78 55 61 73 97 31 91 62 INF 15 INF 27 INF 89 13 1 INF 15 41 18 75 45 61 INF 25 93 INF 1 INF 70 76 88 INF 73 37 51 59 70 19 93 52 19 INF 78 94 11 57 43 26 71 4 30 INF 47 32 59 INF 25
78 46 10 INF 6 INF 69 65 INF 31 7 INF 51 51 67 INF 83 17 35 44 29 10 68 27 INF 72 49 75 INF 23 49 96 70 92 INF 58 82 18 16 0 55 INF 68 0 50 35 22 0 INF 43 INF 89 1 81 15 41 29 40 10 3 INF 55 INF 61 55 99 89 60 45 98 INF 9 INF 40 48 56 29 62 0 100 38 INF INF 8 INF INF 88 96 19 80 87 31 0 83 2 34 68 72 2 71
75 78 10 74 79 25 88 51 3 14 90 INF 25 78 7 41 40 86 77 14 INF 40 40 39 55 36 INF 100 12 INF 31 INF INF 98 8 51 26 98 56 55 0 33 97 32 82 62 48 41 28 26 60 44 100 98 INF 88 INF 9 88 47 INF INF INF 14 INF 2 57 55 44 21 INF INF 63 73 85 86 62 INF 85 41 43 96 44 85 73 45 INF 59 2 56 INF 78 INF INF 11 10 36 20 INF 14
26 75 100 49 30 79 INF 64 36 74 55 INF INF INF 93 96 37 57 97 27 INF 84 36 50 20 47 99 93 16 23 37 72 INF 47 4 36 46 INF 90 INF 33 0 INF INF 71 INF INF 40 INF 27 64 INF 78 23 100 94 INF INF INF INF 47 INF 57 51 8 42 28 85 51 14 86 58 80 22 INF 52 INF INF 69 INF 14 53 98 23 82 22 90 37 82 91 100 64 INF 66 INF 10 INF 96 24 6
94 61 14 98 71 17 20 75 48 63 74 87 INF 43 14 26 35 56 78 58 0 46 35 INF 11 70 INF 56 82 INF INF 33 31 96 69 35 42 4 78 68 97 INF 0 72 21 38 8 84 34 80 29 87 97 INF 94 13 59 90 13 30 31 94 6 25 76 75 INF 42 26 78 82 29 16 INF 1 9 54 14 68 48 INF 33 94 47 20 38 2 41 INF 6 5 8 78 62 INF 41 INF INF 16 77
94 13 INF 14 26 59 2 60 16 3 58 90 INF 52 18 100 14 29 42 20 86 INF 16 18 87 INF INF 56 INF 16 94 97 INF 23 81 49 INF 31 55 0 32 INF 72 0 89 0 30 51 36 INF 65 42 28 87 66 46 33 18 87 36 INF 25 77 64 59 93 55 56 35 INF 10 64 73 61 13 42 66 54 57 80 49 29 33 97 INF 46 44 83 6 60 23 84 11 6 30 96 11 74 5 87
77 INF 17 INF INF 21 83 76 14 8 63 93 100 38 25 INF 26 96 30 38 84 INF 65 INF 71 69 INF 95 80 59 71 75 21 50 78 92 INF 29 61 50 82 71 21 89 0 33 11 84 66 33 45 82 50 INF 28 12 6 45 64 24 INF 52 INF 57 INF 79 94 INF 59 10 INF 99 76 23 INF 4 INF INF INF 83 98 28 INF 28 40 32 90 26 39 INF 62 INF 64 INF 79 41 86 50 96 79
INF 16 86 75 83 INF 5 INF INF 87 22 INF 52 77 25 2 INF 42 46 25 74 INF 25 INF 14 67 31 33 100 70 28 66 46 72 55 17 56 37 73 35 62 INF 38 0 33 0 93 87 77 58 75 INF 6 INF INF 25 97 2 90 70 7 INF 13 INF 97 INF 29 26 97 97 68 49 63 45 3 25 100 68 INF 11 64 80 10 36 21 94 99 0 59 2 INF 98 96 49 2 66 80 70 24 45
88 INF 11 22 47 2 94 49 7 71 85 62 28 87 8 12 INF 77 99 0 INF 90 50 36 22 12 INF 4 24 INF 27 85 INF INF 96 37 84 38 97 22 48 INF 8 30 11 93 0 65 2 10 57 7 87 85 2 64 15 23 85 1 16 63 INF 8 92 95 INF INF 55 80 50 81 92 23 2 1 70 8 25 76 82 7 84 0 72 INF 40 INF 86 0 INF 43 INF 43 25 24 INF INF 2 INF
44 18 83 37 62 77 99 79 25 INF INF 92 INF INF 32 INF INF 62 40 41 86 59 72 85 68 78 INF 15 46 47 97 42 INF 81 15 74 INF 36 31 0 41 40 84 51 84 87 65 0 9 25 39 91 68 75 6 INF 35 100 INF 1 INF 75 8 INF 55 96 52 INF 7 82 35 49 INF 92 57 INF 28 99 40 43 78 17 44 35 6 66 54 INF 11 58 48 60 52 93 INF 88 28 99 39 65
INF INF 19 86 66 91 11 15 5 76 47 67 77 78 59 85 21 63 INF 51 30 39 43 72 19 80 1 INF 79 INF 21 INF 28 9 45 8 73 25 91 INF 28 INF 34 36 66 77 2 9 0 10 67 35 93 95 INF 48 INF 66 73 25 73 INF 44 15 62 INF 57 INF 96 88 73 95 82 INF 97 41 94 100 0 0 43 5 58 INF 82 61 27 3 98 61 81 98 14 INF 67 67 42 100 95 INF
5 INF INF INF INF INF INF 60 83 77 50 5 INF 51 64 18 INF 11 90 39 INF 22 9 48 78 70 93 9 36 88 5 74 INF 52 85 INF INF 77 62 43 26 27 80 INF 33 58 10 25 10 0 22 INF INF 81 61 100 77 26 INF INF 43 39 18 32 INF 29 38 61 3 INF 66 20 INF 89 79 INF 43 49 84 43 INF INF 27 61 1 95 81 42 99 52 94 15 58 15 22 19 66 44 INF 2
63 82 INF 41 87 93 INF 81 29 42 60 52 100 INF 91 96 79 INF INF 55 96 INF 85 INF 4 36 INF INF 28 32 INF 28 INF 79 INF 85 51 24 INF INF 60 64 29 65 45 75 57 39 67 22 0 22 33 INF INF 36 1 63 INF 47 43 8 11 3 75 84 66 54 73 81 INF 90 33 83 59 INF 64 90 27 41 22 20 85 12 INF 87 1 INF INF 10 32 15 98 97 44 59 67 INF 38 58
32 19 33 88 18 75 17 24 84 44 48 38 86 3 21 81 39 14 65 32 23 INF 82 29 33 95 25 11 87 INF 83 82 85 81 82 INF 23 20 15 89 44 INF 87 42 82 INF 7 91 35 INF 22 0 63 59 97 15 19 26 7 48 26 31 43 66 61 52 6 87 INF INF INF 23 71 14 47 44 66 91 INF 95 32 96 34 63 40 INF 17 17 INF 53 22 59 39 33 INF 47 41 INF 56 59
INF 35 INF 94 INF 29 61 73 58 14 82 100 79 99 81 88 17 91 INF INF INF 16 80 62 60 66 7 95 94 98 31 40 92 74 31 44 22 INF INF 1 100 78 97 28 50 6 87 68 93 INF 33 63 0 21 95 28 INF INF 0 85 87 36 21 61 0 INF 4 INF 60 INF 75 17 50 14 37 46 75 79 INF 92 13 70 INF 67 INF 7 55 73 73 97 8 INF INF INF 20 82 INF 78 77 50
38 14 INF 83 19 38 26 0 45 54 65 22 37 INF 35 81 41 INF 50 70 79 INF 59 71 84 77 INF 85 79 5 INF 23 21 59 INF 49 INF 81 27 81 98 23 INF 87 INF INF 85 75 95 81 INF 59 21 0 INF 6 16 71 100 25 2 24 INF INF 21 68 INF 79 44 47 38 3 38 INF 19 INF INF INF INF 49 62 92 55 5 INF INF 76 INF 25 50 64 59 42 30 3 11 INF 64 46 25
INF 78 INF INF 66 21 64 78 43 16 24 2 30 INF 2 INF INF 8 28 66 90 68 75 43 26 61 8 INF 5 4 61 59 1 INF INF 75 INF 28 INF 15 INF 100 94 66 28 INF 2 6 INF 61 INF 97 95 INF 0 78 90 85 85 78 60 100 7 86 50 13 10 97 47 74 67 INF INF 55 39 86 56 65 15 44 INF 16 INF 99 84 60 28 INF 0 99 44 10 53 75 58 20 91 33 4 45
85 81 INF INF 98 78 36 64 1 INF INF 58 24 INF 34 69 26 34 23 36 11 INF 52 90 10 89 INF 81 28 45 53 INF 100 INF 93 93 INF INF 89 41 88 94 13 46 12 25 64 INF 48 100 36 15 28 6 78 0 INF 48 64 43 23 INF 22 90 97 44 80 INF 5 91 9 INF 94 INF 24 73 55 68 85 57 45 20 INF 86 30 84 46 29 INF 94 94 INF 43 87 47 INF 55 9 17 37
1 21 INF 55 48 98 26 82 20 31 77 9 INF 37 51 24 25 7 67 75 18 59 INF 75 INF 87 6 43 64 32 61 INF 43 73 INF 90 INF 37 13 29 INF INF 59 33 6 97 15 35 INF 77 1 19 INF 16 90 INF 0 INF 46 61 INF INF 22 INF 59 84 32 25 7 32 100 81 99 20 74 81 17 87 63 11 38 51 INF 24 29 87 INF INF 79 6 47 2 52 65 INF 43 16 5 42 58
44 98 0 46 82 49 74 11 60 61 64 INF 84 91 82 70 38 38 INF 95 INF INF 83 INF INF INF 85 9 75 59 INF INF 12 INF 75 57 60 75 1 40 9 INF 90 18 45 2 23 100 66 26 63 26 INF 71 85 48 INF 0 INF 17 56 23 65 56 8 47 INF 21 15 INF INF INF 8 9 82 INF INF 34 INF 52 INF 81 56 INF 71 51 25 INF 100 84 52 49 9 8 98 INF 77 30 32 INF
41 45 94 26 60 INF 72 95 86 31 86 9 INF INF 43 INF 76 54 75 INF 26 INF INF 44 99 89 42 10 11 8 9 95 27 87 73 INF 88 INF INF 10 88 INF 13 87 64 90 85 INF 73 INF INF 7 0 100 85 64 46 INF 0 86 35 19 100 78 INF 91 48 INF 49 79 59 INF 14 62 27 71 72 INF 86 53 3 49 22 47 INF INF 83 94 67 23 0 INF 91 88 INF INF 16 97 26 18
43 88 7 76 INF 50 62 60 90 71 77 67 78 58 24 98 20 INF 32 71 89 95 33 54 14 56 54 INF 38 34 INF INF 17 6 66 INF 10 76 15 3 47 INF 30 36 24 70 1 1 25 INF 47 48 85 25 78 43 61 17 86 0 76 36 37 12 60 46 71 68 INF 95 57 17 70 41 14 30 INF 3 INF 70 INF 18 2 INF 44 18 65 13 INF 43 92 INF 44 35 83 55 99 46 39 7
67 50 20 51 85 34 2 21 18 INF 61 23 9 85 INF INF 52 96 89 99 3 43 12 16 16 99 99 10 INF 74 68 INF 95 73 6 61 31 39 41 INF INF 47 31 INF INF 7 16 INF 73 43 43 26 87 2 60 23 INF 56 35 76 0 34 6 73 65 INF 60 52 44 24 13 INF 4 99 23 58 57 16 83 3 36 INF 64 7 INF 60 4 98 88 26 25 68 94 18 82 INF INF INF 98 41
77 96 77 1 46 INF 61 INF INF 95 87 73 100 83 21 57 INF 0 43 INF 63 INF 31 INF 93 INF 21 78 47 57 INF 48 86 25 55 70 29 100 18 55 INF INF 94 25 52 INF 63 75 INF 39 8 31 36 24 100 INF INF 23 19 36 34 0 36 71 32 74 INF INF 100 INF 56 40 85 61 56 50 100 62 15 6 INF 48 6 INF 35 28 71 31 5 21 INF 53 81 INF 65 76 INF 95 13 15
23 20 99 36 88 48 INF INF 39 INF 82 85 32 51 45 87 INF 40 30 46 83 18 INF 73 12 81 71 60 93 42 30 INF 6 98 23 24 INF 15 75 INF INF 57 6 77 INF 13 INF 8 44 18 11 43 21 INF 7 22 22 65 100 37 6 36 0 81 INF 31 55 99 79 71 7 29 70 14 INF 8 68 INF 55 82 67 2 55 56 31 15 29 96 INF INF 93 96 72 INF 33 3 INF 24 31 98
29 18 86 67 86 80 80 1 67 99 62 62 47 36 INF 17 67 INF 25 14 47 3 45 INF 23 INF 34 56 99 6 22 26 9 97 98 21 24 62 45 61 14 51 25 64 57 INF 8 INF 15 32 3 66 61 INF 86 90 INF 56 78 12 73 71 81 0 49 25 63 63 31 100 74 INF 31 44 90 42 54 INF INF 81 98 77 3 100 48 9 3 92 83 INF INF 1 INF 51 66 52 INF 30 INF 65
11 18 91 43 37 62 82 75 62 16 3 25 56 16 18 INF 96 2 80 INF 94 INF 42 23 53 47 61 26 INF INF INF 16 11 INF 49 96 INF 57 61 55 INF 8 76 59 INF 97 92 55 62 INF 75 61 0 21 50 97 59 8 INF 60 65 32 INF 49 0 57 68 34 26 89 20 INF 52 5 23 39 INF 99 3 87 INF 35 64 83 34 5 82 98 84 81 0 12 20 INF 90 29 83 99 80 43
INF 70 97 INF 54 3 15 71 51 11 61 32 78 60 4 88 INF 82 45 87 84 INF 38 INF INF INF 65 95 INF INF INF 53 62 55 INF 37 INF 66 INF 99 2 42 75 93 79 INF 95 96 INF 29 84 52 INF 68 13 44 84 47 91 46 INF 74 31 25 57 0 3 22 INF 14 88 77 2 11 INF 20 79 3 43 INF 9 INF 39 34 4 59 43 20 17 32 INF 44 11 INF 12 91 70 91 52 37
8 93 31 74 INF 89 48 52 INF 15 35 46 2 45 8 83 76 56 52 28 51 13 21 INF 98 INF INF INF 70 17 96 33 43 90 51 11 INF 98 25 89 57 28 INF 55 94 29 INF 52 57 38 66 6 4 INF 10 80 32 INF 48 71 60 INF 55 63 68 3 0 73 61 80 35 23 INF 59 43 40 INF 0 12 28 33 78 59 95 28 17 INF INF 55 6 32 43 74 84 2 91 21 48 39 INF
99 94 72 56 INF 98 71 3 15 62 29 INF 37 INF 93 INF INF 95 92 INF 65 85 50 INF 100 66 83 89 96 INF 58 78 INF 0 87 INF INF 39 93 60 55 85 42 56 INF 26 INF INF INF 61 54 87 INF 79 97 INF 25 21 INF 68 52 INF 99 63 34 22 73 0 10 94 50 42 41 INF 88 38 72 80 74 0 41 51 69 18 5 99 INF 76 INF INF 53 34 46 69 15 32 INF 90 86 INF
90 INF 18 75 51 38 INF 77 INF 17 65 INF 44 62 INF 22 40 87 1 71 75 42 42 10 INF INF 28 56 53 34 11 91 INF 46 17 21 2 INF INF 45 44 51 26 35 59 97 55 7 96 3 73 INF 60 44 47 5 7 15 49 INF 44 100 79 31 26 INF 61 10 0 71 99 89 INF 92 10 6 84 21 30 INF 81 61 28 41 94 58 97 INF 99 21 75 25 INF INF 45 94 44 INF 2 48
79 50 84 71 19 85 89 23 INF 17 19 INF 1 58 57 94 92 4 INF 49 47 INF 68 35 32 13 96 53 INF 54 63 8 63 13 32 INF INF 32 1 98 21 14 78 INF 10 97 80 82 88 INF 81 INF INF 47 74 91 32 INF 79 95 24 INF 71 100 89 14 80 94 71 0 69 INF INF INF 42 85 INF 14 79 49 63 52 INF 94 100 72 19 99 71 0 58 INF 77 95 89 INF 100 26 43 39
81 89 9 69 INF INF 17 74 INF 70 68 69 INF 2 67 52 37 84 INF INF 24 INF 96 24 INF 65 37 45 INF INF 85 65 20 69 16 27 38 63 INF INF INF 86 82 10 INF 68 50 35 73 66 INF INF 75 38 67 9 100 INF 59 57 13 56 7 74 20 88 35 50 99 69 0 5 62 79 33 100 INF 99 35 24 42 5 41 25 8 72 2 20 33 INF 11 INF 38 1 56 95 98 INF 77 34
INF 28 7 47 29 99 INF INF 54 68 63 INF 20 30 33 77 80 INF 47 56 3 96 97 32 10 87 35 59 INF INF 26 95 16 96 78 12 18 4 70 9 INF 58 29 64 99 49 81 49 95 20 90 23 17 3 INF INF 81 INF INF 17 INF 40 29 INF INF 77 23 42 89 INF 5 0 INF 51 39 6 49 20 33 34 INF 21 70 INF 13 29 46 11 19 33 14 INF 75 69 13 38 34 82 2 15
38 65 7 28 30 64 INF INF 80 31 82 44 96 22 INF 28 6 15 3 64 74 INF 2 31 5 60 INF 7 78 11 2 3 49 83 49 INF 61 INF 76 INF 63 80 16 73 76 63 92 INF 82 INF 33 71 50 38 INF 94 99 8 14 70 4 85 70 31 52 2 INF 41 INF INF 62 INF 0 INF 51 85 92 INF 60 72 100 INF 4 21 87 74 59 26 INF 15 87 52 88 73 35 45 INF 42 39 INF
96 67 88 INF 79 42 80 95 28 INF 26 37 1 91 INF 91 16 35 INF 13 55 39 15 INF 42 100 5 88 INF 19 INF 69 INF INF 94 56 53 84 88 40 73 22 INF 61 23 45 23 92 INF 89 83 14 14 INF 55 INF 20 9 62 41 99 61 14 44 5 11 59 INF 92 INF 79 51 INF 0 24 92 75 6 80 18 31 19 23 26 61 79 INF 90 42 90 44 30 INF 3 98 INF 15 INF 69 INF
INF 29 63 97 98 16 INF 74 63 98 INF INF 75 38 INF 82 66 100 1 41 5 28 INF INF 93 97 2 57 97 64 100 89 74 30 INF 59 42 74 INF 48 85 INF 1 13 INF 3 2 57 97 79 59 47 37 19 39 24 74 82 27 14 23 56 INF 90 23 INF 43 88 10 42 33 39 51 24 0 7 38 INF 23 21 18 INF INF 33 76 INF 42 89 57 INF INF INF 12 68 22 51 21 12 44 89
40 1 95 7 INF 75 98 52 INF 99 43 19 26 INF INF INF 82 67 52 84 1 47 96 INF 72 INF 8 26 23 92 38 85 92 75 92 94 34 76 73 56 86 52 9 42 4 25 1 INF 41 INF INF 44 46 INF 86 73 81 INF 71 30 58 50 8 42 39 20 40 38 6 85 100 6 85 92 7 0 INF 17 56 54 INF 19 76 INF INF INF 23 74 5 43 27 43 22 95 99 36 55 INF 28 93
72 87 70 INF INF 41 INF 55 88 25 4 5 INF 22 INF 9 90 14 15 INF 13 88 72 58 INF 40 6 90 INF 84 9 INF INF 55 INF 62 5 97 37 29 62 INF 54 66 INF 100 70 28 94 43 64 66 75 INF 56 55 17 INF 72 INF 57 100 68 54 INF 79 INF 72 84 INF INF 49 92 75 38 INF 0 79 57 30 61 28 55 79 76 INF 52 11 INF 79 61 INF 74 INF 66 INF 10 80 INF 55
INF 48 96 37 INF 32 39 INF 49 86 49 INF INF 65 INF 81 15 48 58 INF 79 63 1 12 28 46 21 71 80 INF INF 52 75 INF 91 86 59 INF 51 62 INF INF 14 54 INF 68 8 99 100 49 90 91 79 INF 65 68 87 34 INF 3 16 62 INF INF 99 3 0 80 21 14 99 20 INF 6 INF 17 79 0 57 6 INF 34 59 76 36 2 71 98 94 67 67 90 93 50 76 72 INF 24 100 7
9 78 99 97 50 33 55 11 INF 8 INF INF INF INF INF 18 79 INF 2 49 86 61 INF 62 89 78 83 22 39 62 27 42 41 INF 82 INF INF 57 59 0 85 69 68 57 INF INF 25 40 0 84 27 INF INF INF 15 85 63 INF 86 INF 83 15 55 INF 3 43 12 74 30 79 35 33 60 80 23 56 57 57 0 71 46 6 INF INF 87 INF INF 2 16 79 INF INF 27 16 53 75 65 50 25 58
79 65 9 17 51 INF 10 61 46 79 85 79 3 52 22 14 INF INF 2 99 INF 29 12 80 47 8 64 93 INF 84 4 INF 46 66 74 12 3 60 70 100 41 INF 48 80 83 11 76 43 0 43 41 95 92 49 44 57 11 52 53 70 3 6 82 81 87 INF 28 0 INF 49 24 34 72 18 21 54 30 6 71 0 73 97 8 18 36 96 9 12 INF 40 68 84 70 INF 44 INF 7 INF 67 44
39 95 INF 17 48 INF 57 46 INF 45 90 3 57 77 48 5 5 47 INF INF 58 22 INF 75 98 57 66 29 INF 94 87 80 22 INF 78 INF INF 37 19 38 43 14 INF 49 98 64 82 78 43 INF 22 32 13 62 INF 45 38 INF 3 INF 36 INF 67 98 INF 9 33 41 81 63 42 INF 100 31 18 INF 61 INF 46 73 0 1 35 68 87 2 66 68 95 INF 91 93 87 INF 57 INF 58 40 67 21
78 69 95 40 1 67 INF INF 40 11 81 10 INF 61 INF 49 98 5 44 INF INF 6 INF INF 78 66 97 33 7 59 INF 95 65 INF 22 88 23 INF 93 INF 96 53 33 29 28 80 7 17 5 INF 20 96 70 92 16 20 51 81 49 18 INF 48 2 77 35 INF 78 51 61 52 5 21 INF 19 INF 19 28 34 6 97 1 0 59 75 22 4 64 31 77 0 35 41 INF 8 8 47 36 90 3 19
92 87 24 20 96 5 24 42 92 36 INF 93 18 53 25 INF INF 47 61 26 99 72 55 INF 73 27 57 46 75 INF 73 75 18 61 1 19 73 23 52 INF 44 98 94 33 INF 10 84 44 58 27 85 34 INF 55 INF INF INF 56 22 2 64 6 55 3 64 39 59 69 28 INF 41 70 4 23 INF 76 55 59 INF 8 35 59 0 86 40 60 77 90 48 8 81 95 27 37 79 39 32 8 71 INF
87 53 INF 69 9 50 61 INF 57 28 65 INF 87 48 88 81 INF 95 98 31 94 INF 72 41 3 71 75 10 30 40 INF 93 10 19 97 8 47 100 19 8 85 23 47 97 28 36 0 35 INF 61 12 63 67 5 99 86 24 INF 47 INF 7 INF 56 100 83 34 95 18 41 94 25 INF 21 26 33 INF 79 76 INF 18 68 75 86 0 8 48 INF INF 17 12 83 88 72 97 48 INF 40 1 INF INF
INF 57 INF INF 5 62 45 28 49 51 49 1 4 5 12 84 93 8 INF INF 54 10 53 87 2 19 INF 53 1 74 91 INF 56 76 66 62 44 49 INF INF 73 82 20 INF 40 21 72 6 82 1 INF 40 INF INF 84 30 29 71 INF 44 INF 35 31 48 34 4 28 5 94 100 8 13 87 61 76 INF 76 36 87 36 87 22 40 8 0 35 46 84 INF 44 70 81 12 31 65 INF 90 92 79 INF
INF 53 39 46 43 3 42 7 94 INF 36 68 99 85 INF 78 36 28 27 68 79 90 73 15 87 32 INF 42 50 INF INF 32 58 17 51 86 56 50 78 INF 45 22 38 46 32 94 INF 66 61 95 87 INF 7 INF 60 84 87 51 INF 18 60 28 15 9 5 59 17 99 58 72 72 29 74 79 INF INF INF 2 INF 96 2 4 60 48 35 0 55 84 40 95 6 78 93 27 INF INF INF 63 INF 48
INF INF 49 27 66 INF 12 12 INF 31 33 34 86 48 95 100 97 49 INF 96 20 10 INF 31 37 61 91 11 88 73 37 92 10 79 69 INF INF INF 94 88 INF 90 2 44 90 99 40 54 27 81 1 17 55 76 28 46 INF 25 83 65 4 71 29 3 82 43 INF INF 97 19 2 46 59 INF 42 23 52 71 INF 9 66 64 77 INF 46 55 0 INF 44 78 47 INF 15 13 86 36 INF 90 100 INF
INF 39 INF 42 69 66 60 INF 53 66 41 61 25 30 18 7 40 18 78 INF 30 INF 46 1 78 51 91 90 38 51 47 11 47 55 35 61 INF 70 11 96 59 37 41 83 26 0 INF INF 3 42 INF 17 73 INF INF 29 INF INF 94 13 98 31 96 92 98 20 INF 76 INF 99 20 11 26 90 89 74 11 98 2 12 68 31 90 INF 84 84 INF 0 22 48 INF INF 76 47 14 32 3 INF INF 86
80 9 96 28 7 68 INF 79 52 12 54 10 16 44 59 26 21 INF 59 INF 90 78 98 43 95 75 97 90 82 0 55 INF 38 44 59 59 79 INF 57 19 2 82 INF 6 39 59 86 11 98 99 INF INF 73 25 0 INF 79 100 67 INF 88 5 INF 83 84 17 55 INF 99 71 33 19 INF 42 57 5 INF 94 16 INF 95 77 48 17 INF 40 44 22 0 66 77 INF 83 21 INF 43 20 34 2 49
63 68 55 61 46 28 74 31 INF 58 87 48 86 28 53 54 INF 1 52 83 1 18 10 74 27 INF 36 INF 13 20 21 18 88 41 44 INF 51 5 43 80 56 91 6 60 INF 2 0 58 61 52 10 53 97 50 99 94 6 84 23 43 26 21 INF INF 81 32 6 INF 21 0 INF 33 15 90 INF 43 79 67 79 40 INF 0 8 12 44 95 78 48 66 0 7 92 97 14 76 93 56 66 73 51
83 44 54 INF 84 75 93 25 22 89 37 67 36 22 INF 80 95 85 INF 43 9 12 60 INF 62 51 36 12 29 25 12 INF 8 17 36 94 22 17 26 87 INF 100 5 23 62 INF INF 48 81 94 32 22 8 64 44 94 47 52 0 92 25 INF 93 INF 0 INF 32 53 75 58 11 14 87 44 INF 27 61 67 INF 68 91 35 81 83 70 6 47 INF 77 7 0 82 INF 2 85 34 86 84 18 10
14 77 53 99 INF 63 72 67 82 INF 54 19 INF 37 81 INF 6 INF 75 74 40 86 6 30 98 INF 12 85 65 84 100 13 100 97 43 77 62 64 71 31 78 64 8 84 INF 98 43 60 98 15 15 59 INF 59 10 INF 2 49 INF INF 68 53 96 1 12 44 43 34 25 INF INF INF 52 30 INF 43 INF 90 INF 84 93 41 95 88 81 78 INF INF INF 92 82 0 95 85 7 40 59 32 100 97
9 64 89 66 60 21 43 34 INF 37 37 42 88 1 31 19 17 35 INF 74 65 INF 79 INF 11 63 62 38 19 INF 61 36 INF 59 1 88 14 14 4 0 INF INF 78 11 64 96 INF 52 14 58 98 39 INF 42 53 43 52 9 91 44 94 81 72 INF 20 11 74 46 INF 77 38 75 88 INF 12 22 74 93 27 70 87 INF 27 72 12 93 15 76 83 97 INF 95 0 50 50 69 58 41 40 23
11 37 24 13 66 83 62 21 79 12 INF 45 34 INF 21 81 63 29 INF 16 INF 69 INF 41 61 81 INF 70 2 69 68 18 95 97 INF 35 14 67 30 83 INF 66 62 6 INF 49 43 93 INF 15 97 33 INF 30 75 87 65 8 88 35 18 INF INF 51 INF INF 84 69 INF 95 1 69 73 3 68 95 INF 50 16 INF INF 8 37 97 31 27 13 47 21 14 2 85 50 0 83 37 24 84 2 88
10 33 26 38 34 INF 43 80 63 81 22 55 78 69 95 INF INF 37 INF 89 27 29 93 56 74 INF 32 47 INF INF 48 49 INF 40 INF 5 78 INF INF 2 11 INF INF 30 79 2 25 INF 67 22 44 INF 20 3 58 47 INF 98 INF 83 82 65 33 66 90 12 2 15 45 89 56 13 35 98 22 99 66 76 53 44 57 8 79 48 65 INF 86 14 INF 76 85 7 50 83 0 INF 6 38 78 48
57 18 INF 79 INF INF 95 64 28 INF 79 22 50 24 9 19 54 INF INF 75 INF INF 91 24 42 91 INF 54 16 25 11 35 63 76 24 100 37 INF 47 34 10 10 41 96 41 66 24 88 67 19 59 47 82 11 20 INF 43 INF INF 55 INF 76 3 52 29 91 91 32 94 INF 95 38 45 INF 51 36 INF 72 75 INF INF 47 39 INF INF INF 36 32 43 93 34 40 69 37 INF 0 76 43 59 INF
78 27 75 61 31 INF 46 35 49 37 6 51 INF 9 60 INF 87 51 13 73 INF 13 5 62 98 3 49 83 40 INF 2 37 INF 3 75 99 80 38 32 68 36 INF INF 11 86 80 INF 28 42 66 67 41 INF INF 91 55 16 77 16 99 INF INF INF INF 83 70 21 INF 44 100 98 34 INF 15 21 55 10 INF 65 7 58 36 32 40 90 INF INF 3 20 56 86 59 58 24 6 76 0 33 INF 99
91 11 INF 61 20 INF 49 94 8 66 44 55 INF 47 INF 66 INF 77 35 8 86 0 52 INF 93 INF 85 INF 38 INF 38 26 94 24 81 65 64 25 59 72 20 96 INF 74 50 70 INF 99 100 44 INF INF 78 64 33 9 5 30 97 46 INF 95 24 30 99 91 48 90 INF 26 INF 82 42 INF 12 INF 80 24 50 INF 40 90 8 1 92 63 90 INF 34 66 84 32 41 84 38 43 33 0 59 81
70 2 INF 86 39 22 19 INF 27 70 29 77 100 42 61 INF 55 INF 99 93 55 44 92 INF 86 3 4 INF 64 86 57 INF INF 69 50 32 97 30 INF 2 INF 24 16 5 96 24 2 39 95 INF 38 56 77 46 4 17 42 32 26 39 98 13 31 INF 80 52 39 86 2 43 77 2 39 69 44 28 INF 100 25 67 67 3 71 INF 79 INF 100 INF 2 73 18 100 40 2 78 59 INF 59 0 15
INF 27 91 91 INF 72 20 34 46 35 27 74 75 74 INF 28 INF 64 34 9 2 60 INF 10 45 51 96 24 89 INF 55 82 82 53 78 65 INF 76 25 71 14 6 77 87 79 45 INF 65 INF 2 58 59 50 25 45 37 58 INF 18 7 41 15 98 65 43 37 INF INF 48 39 34 15 INF INF 89 93 55 7 58 44 21 19 INF INF INF 48 INF 86 49 51 10 97 23 88 48 INF 99 81 15 0
